  4.3691445E+03  4.3594106E-18
  4.3711885E+03  4.3137022E-18
  4.3732319E+03  4.1849880E-18
  4.3752759E+03  1.7395410E-18
  4.3773193E+03  2.4061145E-18
  4.3793628E+03 -7.2664761E-19
  4.3814067E+03  4.5101709E-18
  4.3834502E+03  1.0047746E-17
  4.3854941E+03  5.4254627E-18
  4.3875376E+03  1.3298070E-18
  4.3895811E+03  1.6689691E-19
  4.3916250E+03  3.6895134E-18
  4.3936685E+03  3.2329395E-18
  4.3957124E+03  1.5133469E-18
  4.3977559E+03  1.1667813E-18
  4.3997993E+03  2.0614813E-18
  4.4018433E+03  3.1531844E-18
  4.4038867E+03  3.1361908E-18
  4.4059302E+03  4.9973819E-18
  4.4079741E+03  4.2979428E-18
  4.4100176E+03  5.3792713E-18
  4.4120615E+03  5.0376437E-18
  4.4141050E+03  5.6552804E-18
  4.4161484E+03  4.9854159E-18
  4.4181924E+03  4.4910175E-18
  4.4202358E+03  4.9744268E-18
  4.4222798E+03 -6.6228629E-19
  4.4243232E+03 -3.1920158E-19
  4.4263667E+03  5.1624946E-18
  4.4284106E+03  5.7726793E-18
  4.4304541E+03  3.2700195E-18
  4.4324980E+03  5.9982613E-18
  4.4345415E+03  8.3763130E-18
  4.4365850E+03  2.8849802E-18
  4.4386289E+03 -4.3914117E-18
  4.4406724E+03 -3.5735195E-18
  4.4427163E+03 -4.4016522E-18
  4.4447598E+03 -8.5155332E-18
  4.4468032E+03 -9.1662762E-18
  4.4488472E+03 -5.5159129E-18
  4.4508906E+03  1.5561708E-18
  4.4529346E+03 -2.4481825E-18
  4.4549780E+03 -3.7061778E-18
  4.4570215E+03 -1.3007200E-18
  4.4590654E+03 -4.0544688E-18
  4.4611089E+03 -2.9099784E-18
  4.4631528E+03 -1.5927304E-18
  4.4651963E+03 -3.4435545E-18
  4.4672397E+03 -9.0164176E-19
  4.4692837E+03  1.9481650E-18
  4.4713271E+03 -6.2285650E-18
  4.4733711E+03 -1.1025673E-17
  4.4754146E+03 -1.7942352E-17
  4.4774580E+03 -2.0615301E-17
  4.4795020E+03 -3.0222196E-18
  4.4815454E+03 -9.1862212E-19
  4.4835894E+03 -1.9738581E-18
  4.4856328E+03  8.5672750E-20
  4.4876763E+03  9.0611350E-19
  4.4897202E+03 -8.2475648E-18
  4.4917637E+03 -1.0603897E-17
  4.4938076E+03 -1.0493503E-17
  4.4958511E+03 -1.0895659E-17
  4.4978945E+03 -9.6613471E-18
  4.4999385E+03 -6.5494502E-18
  4.5019819E+03 -1.5587798E-18
  4.5040259E+03 -2.0818970E-18
  4.5060693E+03 -4.7279419E-18
  4.5081128E+03 -4.3375465E-18
  4.5101567E+03 -6.8906457E-18
  4.5122002E+03 -7.0836513E-18
  4.5142441E+03 -7.1078075E-18
  4.5162876E+03 -1.3645438E-17
  4.5183311E+03 -1.2971177E-17
  4.5203750E+03 -7.0240290E-18
  4.5224185E+03 -3.3560703E-19
  4.5244624E+03  7.1214460E-20
  4.5265059E+03 -7.1482219E-19
  4.5285493E+03 -4.0770012E-18
  4.5305933E+03 -1.0292826E-17
  4.5326367E+03 -8.9982527E-19
  4.5346807E+03 -4.9227669E-19
  4.5367241E+03 -5.9294991E-18
  4.5387676E+03 -4.7662412E-18
  4.5408115E+03 -6.3072741E-18
  4.5428550E+03 -3.1831197E-17
  4.5448989E+03 -3.4506475E-17
  4.5469424E+03  1.4656267E-18
  4.5489858E+03 -7.4567272E-19
  4.5510298E+03 -7.8610746E-18
  4.5530732E+03 -6.0119359E-18
  4.5551167E+03 -2.3514263E-20
  4.5571606E+03 -6.8579890E-19
  4.5592041E+03  1.0794591E-18
  4.5612480E+03  3.9301783E-18
  4.5632915E+03  6.2982127E-18
  4.5653350E+03  9.9624210E-18
  4.5673789E+03  1.0396830E-17
  4.5694224E+03  4.1892198E-18
  4.5714663E+03  3.8059109E-18
  4.5735098E+03  9.7251013E-18
  4.5755532E+03  1.0625133E-17
  4.5775972E+03  4.0184434E-18
  4.5796406E+03  2.0358420E-18
  4.5816846E+03  2.7363449E-18
  4.5837280E+03  1.0383011E-18
  4.5857715E+03  2.7224061E-18
  4.5878154E+03  6.4435852E-18
  4.5898589E+03 -6.4278468E-19
  4.5919028E+03 -3.8482204E-18
  4.5939463E+03  2.6936806E-18
  4.5959897E+03  8.6346224E-18
  4.5980337E+03  9.3593087E-18
  4.6000771E+03  1.0290036E-17
  4.6021211E+03  8.2271036E-18
  4.6041646E+03  1.1715330E-17
  4.6062080E+03  1.0744301E-17
  4.6082520E+03  6.6938996E-18
  4.6102954E+03  3.6476332E-18
  4.6123394E+03  5.9210167E-18
  4.6143828E+03  1.4292348E-17
  4.6164263E+03  8.7971849E-18
  4.6184702E+03  5.2076338E-18
  4.6205137E+03  7.2759162E-18
  4.6225576E+03  1.1947742E-17
  4.6246011E+03  9.1672027E-18
  4.6266445E+03  9.9436862E-18
  4.6286885E+03  1.2326248E-17
  4.6307319E+03  1.5127898E-17
  4.6327759E+03  1.1711974E-17
  4.6348193E+03  9.2313629E-18
  4.6368628E+03  1.3898570E-17
  4.6389067E+03  1.0779730E-17
  4.6409502E+03  4.1780827E-18
  4.6429941E+03  4.9134346E-18
  4.6450376E+03  9.3364397E-18
  4.6470811E+03  8.8830165E-18
  4.6491250E+03  9.4094855E-18
  4.6511685E+03  9.1838472E-18
  4.6532124E+03  7.7515989E-18
  4.6552559E+03  1.1163915E-17
  4.6572993E+03  9.9346906E-18
  4.6593433E+03  3.4200020E-18
  4.6613867E+03  6.3940995E-18
  4.6634307E+03  9.0443796E-18
  4.6654741E+03  9.1984461E-18
  4.6675176E+03  8.8875991E-18
  4.6695615E+03  6.5182585E-18
  4.6716050E+03  7.7424717E-18
  4.6736489E+03  6.6338396E-18
  4.6756924E+03  2.0738882E-18
  4.6777358E+03  6.7649626E-18
  4.6797798E+03  1.0209115E-17
  4.6818232E+03  1.0777397E-17
  4.6838672E+03  1.0133643E-17
  4.6859106E+03  6.7431238E-18
  4.6879541E+03  7.9600492E-18
  4.6899980E+03  6.8736939E-18
  4.6920415E+03  6.4089061E-18
  4.6940854E+03  5.9353609E-18
  4.6961289E+03  1.0725740E-17
  4.6981724E+03  1.0035940E-17
  4.7002163E+03  7.6628631E-18
  4.7022598E+03  5.2800535E-18
  4.7043032E+03  9.5132752E-18
  4.7063472E+03  6.5250389E-18
  4.7083906E+03  9.1228492E-18
  4.7104346E+03  6.1718530E-18
  4.7124780E+03  6.7081866E-18
  4.7145215E+03  3.2191363E-18
  4.7165654E+03  2.8540910E-18
  4.7186089E+03  1.0502512E-17
  4.7206528E+03  8.9848375E-18
  4.7226963E+03  3.3228772E-18
  4.7247397E+03  2.8729472E-18
  4.7267837E+03  4.6438118E-18
  4.7288271E+03  1.1227958E-17
  4.7308711E+03  1.0956121E-17
  4.7329146E+03  4.9406787E-18
  4.7349580E+03  2.1508077E-18
  4.7370020E+03 -8.5456774E-19
  4.7390454E+03  1.3624774E-18
  4.7410894E+03  1.0275652E-19
  4.7431328E+03 -1.0621305E-18
  4.7451763E+03  9.2775585E-19
  4.7472202E+03  2.9505681E-18
  4.7492637E+03  1.0464826E-17
  4.7513076E+03  1.0215500E-17
  4.7533511E+03  6.6771806E-18
  4.7553945E+03  4.5212212E-18
  4.7574385E+03  2.7313223E-18
  4.7594819E+03  1.6961835E-18
  4.7615259E+03  7.6290284E-19
  4.7635693E+03  2.4268238E-18
  4.7656128E+03  4.0170918E-18
  4.7676567E+03  6.2396550E-19
  4.7697002E+03 -2.7416488E-18
  4.7717441E+03 -1.4962506E-18
  4.7737876E+03  5.7233371E-19
  4.7758311E+03  1.3890455E-18
  4.7778750E+03  3.6611651E-18
  4.7799185E+03  1.9907772E-18
  4.7819624E+03 -1.9003705E-18
  4.7840059E+03  1.1993796E-18
  4.7860493E+03  3.8664366E-18
  4.7880933E+03 -1.0741296E-18
  4.7901367E+03 -3.4248247E-18
  4.7921807E+03 -2.1484916E-18
  4.7942241E+03 -3.6377898E-18
  4.7962676E+03 -2.1193203E-18
  4.7983115E+03            NaN
  4.8003550E+03            NaN
  4.8023989E+03 -1.3301408E-17
  4.8044424E+03  5.2078650E-18
  4.8064858E+03  2.4949364E-18
  4.8085298E+03  2.6954084E-18
  4.8105732E+03  2.2896417E-18
  4.8126172E+03  7.6444227E-19
  4.8146606E+03  2.3290850E-18
  4.8167041E+03  1.5667835E-18
  4.8187480E+03  3.6336225E-19
  4.8207915E+03  1.5946893E-18
  4.8228354E+03  3.5777679E-18
  4.8248789E+03  6.2168095E-18
  4.8269224E+03  6.8106831E-19
  4.8289663E+03  1.2502314E-18
  4.8310098E+03  4.7270990E-18
  4.8330537E+03  1.6164127E-18
  4.8350972E+03 -4.1271019E-19
  4.8371406E+03  1.1912377E-18
  4.8391846E+03  8.4334951E-19
  4.8412280E+03  3.7062489E-18
  4.8432720E+03  5.8171104E-18
  4.8453154E+03  6.0472656E-18
  4.8473589E+03  7.0747980E-18
  4.8494028E+03  8.1129420E-18
  4.8514463E+03  7.1330886E-18
  4.8534897E+03  5.1927380E-18
  4.8555337E+03  3.5003893E-18
  4.8575771E+03  7.1419411E-18
  4.8596211E+03  9.3695393E-18
  4.8616646E+03  6.6454077E-18
  4.8637080E+03  1.1206089E-18
  4.8657520E+03  9.9576747E-19
  4.8677954E+03  2.3192515E-18
  4.8698394E+03  4.8852294E-18
  4.8718828E+03  4.7177849E-18
  4.8739263E+03  3.8079450E-18
  4.8759702E+03  4.9810451E-18
  4.8780137E+03  5.9595547E-18
  4.8800576E+03  3.2247429E-18
  4.8821011E+03  7.8841066E-20
  4.8841445E+03  1.5340379E-18
  4.8861885E+03  3.4563926E-18
  4.8882319E+03  4.2956002E-18
  4.8902759E+03  6.3596851E-18
  4.8923193E+03  2.9817404E-18
  4.8943628E+03  4.0979619E-18
  4.8964067E+03  8.7982247E-18
  4.8984502E+03  1.0358151E-17
  4.9004941E+03  9.3999101E-18
  4.9025376E+03  1.0723583E-17
  4.9045811E+03  1.3440496E-17
  4.9066250E+03  1.1110391E-17
  4.9086685E+03  7.9709812E-18
  4.9107124E+03  9.2479967E-18
  4.9127559E+03  1.6281859E-17
  4.9147993E+03  1.5764818E-17
  4.9168433E+03  9.9289930E-18
  4.9188867E+03  8.4624407E-18
  4.9209307E+03  1.6045937E-17
  4.9229741E+03  1.8405578E-17
  4.9250176E+03  1.3477800E-17
  4.9270615E+03  1.6256509E-17
  4.9291050E+03  1.6794160E-17
  4.9311489E+03  1.7762966E-17
  4.9331924E+03  1.5226385E-17
  4.9352358E+03  1.3663485E-17
  4.9372798E+03  1.6344381E-17
  4.9393232E+03  1.8530690E-17
  4.9413672E+03  1.8223401E-17
  4.9434106E+03  1.6128526E-17
  4.9454541E+03  1.6982428E-17
  4.9474980E+03  1.6378282E-17
  4.9495415E+03  1.3719968E-17
  4.9515854E+03  1.3744350E-17
  4.9536289E+03  1.5120041E-17
  4.9556724E+03  1.0910505E-17
  4.9577163E+03  1.2046876E-17
  4.9597598E+03  1.4334395E-17
  4.9618037E+03  1.6356787E-17
  4.9638472E+03  1.2016503E-17
  4.9658906E+03  6.8327079E-18
  4.9679346E+03  4.9662600E-18
  4.9699780E+03  6.5076516E-18
  4.9720220E+03  8.4588639E-18
  4.9740654E+03  1.0171246E-17
  4.9761089E+03  1.0192744E-17
  4.9781528E+03  8.5891655E-18
  4.9801963E+03  6.4554230E-18
  4.9822402E+03  5.1089876E-18
  4.9842837E+03  6.2849985E-18
  4.9863271E+03  6.7236499E-18
  4.9883711E+03  7.7284304E-18
  4.9904146E+03  1.0695903E-17
  4.9924585E+03  1.0118532E-17
  4.9945020E+03  1.0685280E-17
  4.9965454E+03  1.0994988E-17
  4.9985894E+03  9.8569232E-18
  5.0006328E+03  9.2394858E-18
  5.0026768E+03  8.6867249E-18
  5.0047202E+03  9.5421297E-18
  5.0067637E+03  1.1136049E-17
  5.0088076E+03  1.1936408E-17
  5.0108511E+03  1.1800156E-17
  5.0128945E+03  1.2596770E-17
  5.0149385E+03  1.4039849E-17
  5.0169819E+03  1.6937550E-17
  5.0190259E+03  1.7536217E-17
  5.0210693E+03  1.8862727E-17
  5.0231128E+03  2.1280960E-17
  5.0251567E+03  1.9993407E-17
  5.0272002E+03  1.6224842E-17
  5.0292441E+03  1.5491295E-17
  5.0312876E+03  1.7733315E-17
  5.0333311E+03  1.8321508E-17
  5.0353750E+03  1.6759328E-17
  5.0374185E+03  1.7150664E-17
  5.0394624E+03  1.8568382E-17
  5.0415059E+03  1.9434284E-17
  5.0435493E+03  1.8021620E-17
  5.0455933E+03  1.9597110E-17
  5.0476367E+03  2.1157525E-17
  5.0496807E+03  1.7268332E-17
  5.0517241E+03  1.6220067E-17
  5.0537676E+03  1.4410115E-17
  5.0558115E+03  1.3777392E-17
  5.0578550E+03  3.9145628E-18
  5.0598989E+03 -1.3233029E-17
  5.0619424E+03 -4.8902537E-18
  5.0639858E+03  6.8433723E-18
  5.0660298E+03  7.6615602E-18
  5.0680732E+03  1.2083004E-17
  5.0701172E+03  1.2883060E-17
  5.0721606E+03  1.0864166E-17
  5.0742041E+03  8.7075880E-18
  5.0762480E+03  8.0326467E-18
  5.0782915E+03  1.2724908E-17
  5.0803354E+03  1.0332888E-17
  5.0823789E+03  8.5317427E-18
  5.0844224E+03  8.2184629E-18
  5.0864663E+03  6.9805342E-18
  5.0885098E+03  5.9855103E-18
  5.0905537E+03  7.3259847E-18
  5.0925972E+03  3.1653090E-18
  5.0946406E+03  6.8425786E-18
  5.0966846E+03  8.5963174E-18
  5.0987280E+03  3.8078465E-18
  5.1007720E+03  2.6635133E-18
  5.1028154E+03 -1.2719846E-18
  5.1048589E+03  3.1369667E-19
  5.1069028E+03  3.4827828E-18
  5.1089463E+03  4.8561210E-18
  5.1109902E+03  4.7713746E-18
  5.1130337E+03  3.0868610E-18
  5.1150771E+03  2.8432199E-18
  5.1171211E+03  2.2892521E-18
  5.1191646E+03  1.4082420E-18
  5.1212085E+03  4.1792807E-19
  5.1232520E+03  3.9148936E-18
  5.1252954E+03  2.8395241E-18
  5.1273394E+03  3.4979499E-18
  5.1293828E+03  1.3877923E-18
  5.1314268E+03  2.0319394E-18
  5.1334702E+03  5.1572395E-18
  5.1355137E+03  4.1635805E-18
  5.1375576E+03  2.3669955E-18
  5.1396011E+03  1.6789102E-18
  5.1416450E+03  4.8345729E-19
  5.1436885E+03 -1.2621502E-18
  5.1457319E+03 -1.6429841E-18
  5.1477759E+03 -9.8811853E-19
  5.1498193E+03  1.8210547E-19
  5.1518633E+03 -1.3692726E-18
  5.1539067E+03 -3.3132463E-18
  5.1559502E+03  2.4094448E-19
  5.1579941E+03  2.1562448E-18
  5.1600376E+03  3.6503431E-18
  5.1620811E+03  3.8987537E-18
  5.1641250E+03  9.2574911E-19
  5.1661685E+03  1.5164702E-19
  5.1682124E+03  1.8926802E-18
  5.1702559E+03  2.4270786E-18
  5.1722993E+03  1.8805736E-18
  5.1743433E+03  2.9881434E-18
  5.1763867E+03  4.9484045E-18
  5.1784307E+03  6.0307240E-18
  5.1804741E+03  6.6081259E-18
  5.1825176E+03  3.8912445E-18
  5.1845615E+03  1.7059657E-18
  5.1866050E+03  3.5451406E-18
  5.1886489E+03  4.4242682E-18
  5.1906924E+03  4.9493707E-18
  5.1927358E+03  8.2641018E-18
  5.1947798E+03  9.5028560E-18
  5.1968232E+03  6.8751729E-18
  5.1988672E+03  5.4983303E-18
  5.2009106E+03  2.9255261E-18
  5.2029541E+03  3.1631800E-18
  5.2049980E+03  5.7072286E-18
  5.2070415E+03  4.8549579E-18
  5.2090854E+03  3.2748395E-18
  5.2111289E+03  3.2419822E-18
  5.2131724E+03  2.1931453E-18
  5.2152163E+03  3.7232293E-18
  5.2172598E+03  6.0764704E-18
  5.2193037E+03  5.3751019E-18
  5.2213472E+03  5.5961651E-18
  5.2233906E+03  4.7957235E-18
  5.2254346E+03  1.9921470E-18
  5.2274780E+03  3.2504674E-18
  5.2295220E+03  2.1149023E-18
  5.2315654E+03  9.9881728E-19
  5.2336089E+03  3.5266432E-18
  5.2356528E+03  3.8614379E-18
  5.2376963E+03  6.1930615E-18
  5.2397402E+03  5.3660265E-18
  5.2417837E+03  3.7236644E-18
  5.2438271E+03  2.9434161E-18
  5.2458711E+03  8.8773685E-19
  5.2479146E+03  2.4633257E-18
  5.2499585E+03  4.4980411E-18
  5.2520020E+03  4.8166082E-18
  5.2540454E+03  2.8381559E-18
  5.2560894E+03  4.2131286E-18
  5.2581328E+03  2.7526364E-18
  5.2601768E+03  3.8378169E-18
  5.2622202E+03  4.6964809E-18
  5.2642637E+03  4.2555332E-18
  5.2663076E+03  4.1531341E-18
  5.2683511E+03  3.3616819E-18
  5.2703950E+03  4.0470705E-18
  5.2724385E+03  1.8413917E-18
  5.2744819E+03  4.1149274E-18
  5.2765259E+03  5.4135679E-18
  5.2785693E+03  5.2513884E-18
  5.2806133E+03  5.0595615E-18
  5.2826567E+03  3.2371887E-18
  5.2847002E+03 -4.0035542E-19
  5.2867441E+03  4.6150598E-18
  5.2887876E+03  5.5660847E-18
  5.2908315E+03  2.6058811E-18
  5.2928750E+03  2.2756946E-18
  5.2949185E+03  5.4876543E-18
  5.2969624E+03  6.6414331E-18
  5.2990059E+03  7.0350363E-18
  5.3010498E+03  5.7394349E-18
  5.3030933E+03  4.6417827E-18
  5.3051367E+03  5.5133325E-18
  5.3071807E+03  5.4373634E-18
  5.3092241E+03  6.7240507E-18
  5.3112676E+03  6.6019944E-18
  5.3133115E+03  6.7092388E-18
  5.3153550E+03  6.7710102E-18
  5.3173989E+03  8.2477567E-18
  5.3194424E+03  7.9093761E-18
  5.3214858E+03  8.3894767E-18
  5.3235298E+03  7.3222731E-18
  5.3255732E+03  5.5944181E-18
  5.3276172E+03  4.9462332E-18
  5.3296606E+03  4.7341068E-18
  5.3317041E+03  6.1615608E-18
  5.3337480E+03  1.0143306E-17
  5.3357915E+03  8.7914981E-18
  5.3378354E+03  6.5108023E-18
  5.3398789E+03  5.8027721E-18
  5.3419224E+03  3.0168989E-18
  5.3439663E+03  2.9829895E-18
  5.3460098E+03  5.5959976E-18
  5.3480537E+03  5.7214168E-18
  5.3500972E+03  4.8486780E-18
  5.3521406E+03  4.2282983E-18
  5.3541846E+03  7.3789953E-18
  5.3562280E+03  8.4385657E-18
  5.3582720E+03  7.4893958E-18
  5.3603154E+03  8.0488652E-18
  5.3623589E+03  7.7133806E-18
  5.3644028E+03  2.9099740E-18
  5.3664463E+03 -2.3912576E-18
  5.3684902E+03 -2.5070982E-18
  5.3705337E+03 -2.8854767E-18
  5.3725771E+03 -2.1828552E-18
  5.3746211E+03 -2.7037358E-18
  5.3766646E+03 -3.0111188E-18
  5.3787085E+03 -2.3427459E-18
  5.3807520E+03 -2.1230128E-18
  5.3827954E+03 -2.9414427E-18
  5.3848394E+03 -2.3169097E-18
  5.3868828E+03 -1.5589841E-18
  5.3889268E+03 -3.0196838E-18
  5.3909702E+03 -3.8195354E-18
  5.3930137E+03 -3.5362434E-18
  5.3950576E+03 -3.3044726E-18
  5.3971011E+03 -3.0799888E-18
  5.3991450E+03  7.3933784E-18
  5.4011885E+03  8.9420995E-18
  5.4032319E+03  1.0020119E-17
  5.4052759E+03  9.2532286E-18
  5.4073193E+03  1.0244440E-17
  5.4093633E+03  9.6834238E-18
  5.4114067E+03  3.9215739E-17
  5.4134502E+03  6.2768291E-17
  5.4154941E+03  1.1286166E-17
  5.4175376E+03  1.1686643E-17
  5.4195815E+03  1.0403398E-17
  5.4216250E+03  1.0691097E-17
  5.4236685E+03  8.6001712E-18
  5.4257124E+03  8.0254262E-18
  5.4277559E+03  9.9126438E-18
  5.4297998E+03  7.8018724E-18
  5.4318433E+03  8.5820766E-18
  5.4338867E+03  1.1339117E-17
  5.4359307E+03  1.1663564E-17
  5.4379741E+03  1.0676020E-17
  5.4400181E+03  9.3912429E-18
  5.4420615E+03  8.0825745E-18
  5.4441050E+03  7.9939702E-18
  5.4461489E+03  1.0267537E-17
  5.4481924E+03  8.9631141E-18
  5.4502363E+03  8.5594077E-18
  5.4522798E+03  9.9033264E-18
  5.4543232E+03 -1.1992125E-17
  5.4563672E+03  4.4777222E-18
  5.4584106E+03  9.6359047E-18
  5.4604541E+03  1.2321797E-17
  5.4624980E+03  1.2231751E-17
  5.4645415E+03  7.8145101E-18
  5.4665854E+03  9.5337281E-19
  5.4686289E+03 -1.7247743E-18
  5.4706724E+03 -1.5206582E-18
  5.4727163E+03 -6.0686602E-19
  5.4747598E+03 -1.4544764E-18
  5.4768037E+03 -2.0869891E-18
  5.4788472E+03 -1.5678680E-18
  5.4808906E+03 -9.7504907E-19
  5.4829346E+03 -1.9018628E-18
  5.4849780E+03 -2.3284745E-18
  5.4870220E+03 -7.4859106E-19
  5.4890654E+03 -1.4862930E-18
  5.4911089E+03 -3.3238011E-18
  5.4931528E+03 -2.6607685E-18
  5.4951963E+03 -2.1608853E-18
  5.4972402E+03 -4.3987058E-18
  5.4992837E+03  8.1458191E-18
  5.5013271E+03  6.0428137E-18
  5.5033711E+03  5.9894601E-18
  5.5054146E+03  7.2251141E-18
  5.5074585E+03  8.8418469E-18
  5.5095020E+03  1.0329420E-17
  5.5115454E+03  1.1011471E-17
  5.5135894E+03  9.4052603E-18
  5.5156328E+03  9.2901093E-18
  5.5176768E+03  1.1444274E-17
  5.5197202E+03  9.5420958E-18
  5.5217637E+03  9.0171827E-18
  5.5238076E+03  1.2736028E-17
  5.5258511E+03  1.0976614E-17
  5.5278950E+03  1.0686463E-17
  5.5299385E+03  1.1271833E-17
  5.5319819E+03  1.3892475E-17
  5.5340259E+03  9.8736141E-18
  5.5360693E+03  1.0436323E-17
  5.5381133E+03  1.2588542E-17
  5.5401567E+03  1.2646227E-17
  5.5422002E+03  1.4105206E-17
  5.5442441E+03  1.4539635E-17
  5.5462876E+03  1.4613734E-17
  5.5483315E+03  1.3881401E-17
  5.5503750E+03  1.5261151E-17
  5.5524185E+03  1.4691877E-17
  5.5544624E+03  1.4574108E-17
  5.5565059E+03  1.3509059E-17
  5.5585498E+03  1.0924326E-17
  5.5605933E+03  1.0069350E-17
  5.5626367E+03  9.8090973E-18
  5.5646807E+03  8.7863522E-18
  5.5667241E+03  1.1432416E-17
  5.5687681E+03  1.1446627E-17
  5.5708115E+03  1.4039545E-17
  5.5728550E+03  1.2302282E-17
  5.5748989E+03  1.4503957E-17
  5.5769424E+03  1.1935806E-17
  5.5789863E+03  1.5499226E-17
  5.5810298E+03  1.7897679E-17
  5.5830732E+03  1.1818701E-17
  5.5851172E+03  8.5160221E-18
  5.5871606E+03  9.3209300E-18
  5.5892046E+03  9.6604943E-18
  5.5912480E+03  7.9937800E-18
  5.5932915E+03  9.0084535E-18
  5.5953354E+03  7.3211622E-18
  5.5973789E+03  5.3096889E-18
  5.5994229E+03  5.8603298E-18
  5.6014663E+03  4.7548046E-18
  5.6035098E+03  8.5239465E-18
  5.6055537E+03  1.0791291E-17
  5.6075972E+03  1.0146283E-17
  5.6096406E+03  7.3897570E-18
  5.6116846E+03  7.6279320E-18
  5.6137280E+03  5.4025288E-18
  5.6157720E+03  4.0366042E-18
  5.6178154E+03  3.8714633E-18
  5.6198589E+03  6.6732209E-18
  5.6219028E+03  7.0729269E-18
  5.6239463E+03  5.1860250E-18
  5.6259902E+03  5.3668181E-18
  5.6280337E+03  8.1014111E-18
  5.6300771E+03  5.8549051E-18
  5.6321211E+03  4.0758373E-18
  5.6341646E+03  4.0991250E-18
  5.6362085E+03  5.3846943E-18
  5.6382520E+03  6.8695766E-18
  5.6402954E+03  5.9950275E-18
  5.6423394E+03  5.0103897E-18
  5.6443828E+03  6.1394772E-18
  5.6464268E+03  5.9407318E-18
  5.6484702E+03  6.1605579E-18
  5.6505137E+03  5.4532593E-18
  5.6525576E+03  4.8636781E-18
  5.6546011E+03  7.2532689E-18
  5.6566450E+03  7.0661424E-18
  5.6586885E+03  8.1374621E-18
  5.6607319E+03  7.5102879E-18
  5.6627759E+03  9.0766462E-18
  5.6648193E+03  8.7475235E-18
  5.6668633E+03  8.5828715E-18
  5.6689067E+03  7.6101816E-18
  5.6709502E+03  1.0174930E-17
  5.6729941E+03  9.7706284E-18
  5.6750376E+03  9.6101827E-18
  5.6770815E+03  1.0004348E-17
  5.6791250E+03  1.1471281E-17
  5.6811685E+03  1.2310640E-17
  5.6832124E+03  8.5426151E-18
  5.6852559E+03  7.1394331E-18
  5.6872998E+03  8.8955483E-18
  5.6893433E+03  9.5422273E-18
  5.6913867E+03  9.0103378E-18
  5.6934307E+03  7.7607888E-18
  5.6954741E+03  1.1480543E-17
  5.6975181E+03  1.1542248E-17
  5.6995615E+03  8.6362205E-18
  5.7016050E+03  9.6685031E-18
  5.7036489E+03  8.3891665E-18
  5.7056924E+03  8.2376543E-18
  5.7077363E+03  9.6414476E-18
  5.7097798E+03  8.6404053E-18
  5.7118232E+03  9.6851931E-18
  5.7138672E+03  8.8473162E-18
  5.7159106E+03  9.7806779E-18
  5.7179546E+03  1.0848857E-17
  5.7199980E+03  8.1688800E-18
  5.7220415E+03  8.1459167E-18
  5.7240854E+03  7.1019568E-18
  5.7261289E+03  7.8053813E-18
  5.7281729E+03  7.1823993E-18
  5.7302163E+03  5.2685772E-18
  5.7322598E+03  4.4262997E-18
  5.7343037E+03  7.3046641E-18
  5.7363472E+03  6.4475420E-18
  5.7383911E+03  6.8134784E-18
  5.7404346E+03  7.9610708E-18
  5.7424780E+03  6.6454665E-18
  5.7445220E+03  5.3138281E-18
  5.7465654E+03  5.3095789E-18
  5.7486094E+03  6.0861145E-18
  5.7506528E+03  5.3032754E-18
  5.7526963E+03  4.3548379E-18
  5.7547402E+03  4.4553561E-18
  5.7567837E+03  5.7469564E-18
  5.7588271E+03  4.7396506E-18
  5.7608711E+03  6.0725761E-18
  5.7629146E+03  4.9552511E-18
  5.7649585E+03  3.5500003E-18
  5.7670020E+03  4.2188238E-18
  5.7690454E+03  5.1456416E-18
  5.7710894E+03  3.8623371E-18
  5.7731328E+03  3.8021059E-18
  5.7751768E+03  3.3550437E-18
  5.7772202E+03  2.2379678E-18
  5.7792637E+03  2.1505803E-18
  5.7813076E+03  2.3508986E-18
  5.7833511E+03  3.4626688E-18
  5.7853950E+03  2.9136676E-18
  5.7874385E+03  1.0963849E-18
  5.7894819E+03  1.1657001E-18
  5.7915259E+03  2.6437344E-18
  5.7935693E+03  2.2340949E-18
  5.7956133E+03  9.3527244E-19
  5.7976567E+03  2.2264824E-18
  5.7997002E+03  2.0689863E-18
  5.8017441E+03  1.0947975E-18
  5.8037876E+03  1.3731694E-19
  5.8058315E+03  2.1261453E-18
  5.8078750E+03  9.6592031E-19
  5.8099185E+03  1.0463520E-18
  5.8119624E+03 -1.8274156E-19
  5.8140059E+03  1.0743149E-18
  5.8160498E+03  1.9414127E-18
  5.8180933E+03  1.5935403E-18
  5.8201367E+03  2.1986965E-18
  5.8221807E+03  2.5478222E-18
  5.8242241E+03 -1.3359298E-19
  5.8262681E+03 -2.0612598E-19
  5.8283115E+03  4.9254883E-19
  5.8303550E+03  2.0574116E-18
  5.8323989E+03  1.9183146E-20
  5.8344424E+03  2.4287652E-18
  5.8364863E+03  4.0822108E-18
  5.8385298E+03  2.1208770E-18
  5.8405732E+03  1.5533534E-18
  5.8426172E+03  1.9102826E-18
  5.8446606E+03  2.9487144E-18
  5.8467046E+03  1.6114901E-18
  5.8487480E+03 -1.2645689E-19
  5.8507915E+03  5.4152620E-19
  5.8528354E+03  1.8265521E-18
  5.8548789E+03  1.9723096E-18
  5.8569229E+03  2.5038236E-18
  5.8589663E+03  4.6064778E-18
  5.8610098E+03  4.4722810E-18
  5.8630537E+03 -1.1560552E-18
  5.8650972E+03  3.2503045E-18
  5.8671411E+03  3.3710083E-18
  5.8691846E+03  7.0161848E-18
  5.8712280E+03  7.7110794E-18
  5.8732720E+03  6.6993647E-18
  5.8753154E+03  6.2677605E-18
  5.8773594E+03  6.6771272E-18
  5.8794028E+03  7.3519896E-18
  5.8814463E+03  7.2973799E-18
  5.8834902E+03  7.4457207E-18
  5.8855337E+03  8.5013868E-18
  5.8875776E+03  1.1245908E-17
  5.8896211E+03  6.7008272E-18
  5.8916646E+03  9.8263862E-18
  5.8937085E+03  1.5720703E-17
  5.8957520E+03  1.8155157E-17
  5.8977959E+03  1.7516168E-17
  5.8998394E+03  1.3118318E-17
  5.9018828E+03  1.0489327E-17
  5.9039268E+03  1.1425615E-17
  5.9059702E+03  9.9888883E-18
  5.9080137E+03  1.0804055E-17
  5.9100576E+03  1.0774123E-17
  5.9121011E+03  1.1546487E-17
  5.9141450E+03  1.1714105E-17
  5.9161885E+03  1.3591021E-17
  5.9182319E+03  1.2269731E-17
  5.9202759E+03  1.0286117E-17
  5.9223193E+03  1.2457098E-17
  5.9243633E+03  1.1306778E-17
  5.9264067E+03  1.1400667E-17
  5.9284502E+03  1.1461257E-17
  5.9304941E+03  1.2323281E-17
  5.9325376E+03  1.2117968E-17
  5.9345815E+03  1.2044309E-17
  5.9366250E+03  1.1933985E-17
  5.9386685E+03  1.1111961E-17
  5.9407124E+03  1.1169348E-17
  5.9427559E+03  1.1014327E-17
  5.9447998E+03  1.0859132E-17
  5.9468433E+03  1.2731772E-17
  5.9488867E+03  1.1192957E-17
  5.9509307E+03  1.0060987E-17
  5.9529741E+03  7.7302055E-18
  5.9550181E+03  7.2474091E-18
  5.9570615E+03  8.4636492E-18
  5.9591050E+03  9.2764228E-18
  5.9611489E+03  8.4887682E-18
  5.9631924E+03  7.6024127E-18
  5.9652363E+03  6.8705055E-18
  5.9672798E+03  8.4352157E-18
  5.9693232E+03  6.9408378E-18
  5.9713672E+03  7.0880519E-18
  5.9734106E+03  8.7365294E-18
  5.9754546E+03  7.9247517E-18
  5.9774980E+03  7.1401966E-18
  5.9795415E+03  7.1666945E-18
  5.9815854E+03  9.3497383E-18
  5.9836289E+03  9.9131318E-18
  5.9856729E+03  1.0087260E-17
  5.9877163E+03  9.0636727E-18
  5.9897598E+03  7.2840334E-18
  5.9918037E+03  7.8535025E-18
  5.9938472E+03  8.4439681E-18
  5.9958911E+03  7.8520434E-18
  5.9979346E+03  6.0500776E-18
  5.9999780E+03  7.3415001E-18
  6.0020220E+03  8.7518257E-18
  6.0040654E+03  7.6780666E-18
  6.0061094E+03  8.5265629E-18
  6.0081528E+03  7.8559022E-18
  6.0101963E+03  6.1626660E-18
  6.0122402E+03  5.3443498E-18
  6.0142837E+03  7.0418795E-18
  6.0163276E+03  7.2482363E-18
  6.0183711E+03  4.8487566E-18
  6.0204146E+03  4.1418439E-18
  6.0224585E+03  4.4773740E-18
  6.0245020E+03  5.2071218E-18
  6.0265459E+03  5.8559036E-18
  6.0285894E+03  5.9051655E-18
  6.0306328E+03  7.3263734E-18
  6.0326768E+03  7.1932875E-18
  6.0347202E+03  6.1583630E-18
  6.0367642E+03  5.6358975E-18
  6.0388076E+03  5.2188330E-18
  6.0408511E+03  5.3391642E-18
  6.0428950E+03  5.6579476E-18
  6.0449385E+03  6.4423639E-18
  6.0469824E+03  6.1358562E-18
  6.0490259E+03  4.8062651E-18
  6.0510693E+03  4.7182539E-18
  6.0531133E+03  4.6836505E-18
  6.0551567E+03  3.0058883E-18
  6.0572007E+03 -7.9330839E-19
  6.0592441E+03  2.4124673E-18
  6.0612876E+03  4.9200182E-18
  6.0633315E+03  3.8275136E-18
  6.0653750E+03  2.5738906E-18
  6.0674185E+03  4.1013352E-18
  6.0694624E+03  4.6654095E-18
  6.0715059E+03  3.8746621E-18
  6.0735498E+03  3.4772125E-18
  6.0755933E+03  4.4797149E-18
  6.0776367E+03  3.8553995E-18
  6.0796807E+03  2.4893149E-18
  6.0817241E+03  3.3716527E-18
  6.0837681E+03  3.5254934E-18
  6.0858115E+03  2.6675921E-18
  6.0878550E+03  3.8229906E-18
  6.0898989E+03  4.5200879E-18
  6.0919424E+03  3.8619011E-18
  6.0939863E+03  3.8636945E-18
  6.0960298E+03  5.9321332E-18
  6.0980732E+03  4.8076399E-18
  6.1001172E+03  4.0284167E-18
  6.1021606E+03  3.6461393E-18
  6.1042046E+03  2.6167685E-18
  6.1062480E+03  3.3349358E-18
  6.1082915E+03  3.9987135E-18
  6.1103354E+03  3.9154470E-18
  6.1123789E+03  4.4689409E-18
  6.1144229E+03  5.1153999E-18
  6.1164663E+03  3.5379061E-18
  6.1185098E+03  1.4543399E-18
  6.1205537E+03  2.4470112E-18
  6.1225972E+03  3.0779639E-18
  6.1246411E+03  2.2505674E-18
  6.1266846E+03  2.8471956E-18
  6.1287280E+03  3.4520106E-18
  6.1307720E+03  4.5277369E-18
  6.1328154E+03  3.5963886E-18
  6.1348594E+03  4.2829683E-18
  6.1369028E+03  5.2674216E-18
  6.1389463E+03  5.0949818E-18
  6.1409902E+03  3.4810010E-18
  6.1430337E+03  5.9655604E-19
  6.1450776E+03  5.2160562E-18
  6.1471211E+03  5.6920515E-18
  6.1491646E+03  5.1351596E-18
  6.1512085E+03  4.1696388E-18
  6.1532520E+03  5.3625763E-18
  6.1552959E+03  3.8345529E-18
  6.1573394E+03  4.3512207E-18
  6.1593828E+03  5.7563031E-18
  6.1614268E+03  6.8235915E-18
  6.1634702E+03  6.0600815E-18
  6.1655142E+03  5.9447998E-18
  6.1675576E+03  3.2536744E-18
  6.1696011E+03  5.7591954E-19
  6.1716450E+03  7.8167418E-18
  6.1736885E+03  5.5285931E-18
  6.1757324E+03  4.4190089E-18
  6.1777759E+03  2.5482498E-18
  6.1798193E+03  4.0888712E-18
  6.1818633E+03  2.8081053E-18
  6.1839067E+03  2.2137338E-18
  6.1859507E+03  4.1906144E-18
  6.1879941E+03  4.5564210E-18
  6.1900376E+03  3.1796229E-18
  6.1920815E+03  3.9369984E-18
  6.1941250E+03  3.3501642E-18
  6.1961689E+03  4.8894208E-18
  6.1982124E+03  3.1153839E-18
  6.2002559E+03  1.3197552E-18
  6.2022998E+03  2.9548835E-18
  6.2043433E+03  5.9771773E-18
  6.2063872E+03  2.4158860E-18
  6.2084307E+03  2.4163087E-18
  6.2104741E+03  5.5119015E-19
  6.2125181E+03  1.9490377E-18
  6.2145615E+03  3.0724391E-18
  6.2166050E+03  3.0905527E-18
  6.2186489E+03  3.1454387E-18
  6.2206924E+03  3.9371919E-18
  6.2227363E+03  2.6113168E-18
  6.2247798E+03  3.3315741E-18
  6.2268232E+03  2.3201258E-18
  6.2288672E+03  1.9823499E-18
  6.2309106E+03  2.7964454E-18
  6.2329546E+03  4.7332234E-18
  6.2349980E+03  3.4116593E-18
  6.2370415E+03  2.6189216E-18
  6.2390854E+03  3.8866330E-18
  6.2411289E+03  5.4018211E-18
  6.2431729E+03  4.9532419E-18
  6.2452163E+03  5.2043636E-18
  6.2472598E+03  6.1725425E-18
  6.2493037E+03  6.3682228E-18
  6.2513472E+03  6.0232199E-18
  6.2533911E+03  5.0053642E-18
  6.2554346E+03  4.0927979E-18
  6.2574780E+03  3.1083892E-18
  6.2595220E+03  2.6814358E-18
  6.2615654E+03  4.7220681E-18
  6.2636094E+03  6.2963528E-18
  6.2656528E+03  5.7678146E-18
  6.2676963E+03  4.4294504E-18
  6.2697402E+03  3.5969031E-18
  6.2717837E+03  3.0243725E-18
  6.2738276E+03  4.8501942E-18
  6.2758711E+03  4.6008745E-18
  6.2779146E+03  3.8830794E-18
  6.2799585E+03  3.3931306E-18
  6.2820020E+03  3.8538196E-18
  6.2840459E+03  4.6168267E-18
  6.2860894E+03  3.9968490E-18
  6.2881328E+03  3.7958119E-18
  6.2901768E+03  4.1731725E-18
  6.2922202E+03  5.7834458E-18
  6.2942642E+03  5.1490694E-18
  6.2963076E+03  5.4459293E-18
  6.2983511E+03  1.4897658E-17
  6.3003950E+03 -4.9378026E-18
  6.3024385E+03 -1.7990492E-18
  6.3044824E+03  1.9208062E-17
  6.3065259E+03  6.0261861E-18
  6.3085693E+03  6.3052694E-18
  6.3106133E+03  6.7128850E-18
  6.3126567E+03  5.8487319E-18
  6.3147007E+03  6.2746397E-18
  6.3167441E+03  6.8086088E-18
  6.3187876E+03  6.5415924E-18
  6.3208315E+03  6.4967543E-18
  6.3228750E+03  5.7254224E-18
  6.3249189E+03  5.5607469E-18
  6.3269624E+03  5.6842768E-18
  6.3290059E+03  2.3019493E-18
  6.3310498E+03  1.1903328E-18
  6.3330933E+03  4.4100175E-18
  6.3351372E+03  4.2621374E-18
  6.3371807E+03  3.9415545E-18
  6.3392241E+03  3.7072184E-18
  6.3412681E+03  3.4464784E-18
  6.3433115E+03  4.2609066E-18
  6.3453555E+03  4.3740053E-18
  6.3473989E+03  3.7936116E-18
  6.3494424E+03  3.9406090E-18
  6.3514863E+03  4.7965052E-18
  6.3535298E+03  3.9597037E-18
  6.3555737E+03  2.1521031E-18
  6.3576172E+03  3.3571886E-18
  6.3596606E+03  3.8929601E-18
  6.3617046E+03  2.8473716E-18
  6.3637480E+03 -1.2018843E-18
  6.3657915E+03  1.3536894E-18
  6.3678354E+03  4.5899458E-18
  6.3698789E+03  2.9077146E-18
  6.3719229E+03  3.0083362E-18
  6.3739663E+03  3.4262745E-18
  6.3760098E+03  2.9655674E-18
  6.3780537E+03  3.4493332E-18
  6.3800972E+03  3.5754890E-18
  6.3821411E+03  3.7630812E-18
  6.3841846E+03  3.5628232E-18
  6.3862280E+03  2.7275296E-18
  6.3882720E+03  3.5261204E-18
  6.3903154E+03  2.4523845E-18
  6.3923594E+03  1.1432943E-18
  6.3944028E+03  2.0971072E-18
  6.3964463E+03  2.6205928E-18
  6.3984902E+03  2.0740247E-18
  6.4005337E+03  2.5044829E-18
  6.4025776E+03  1.2285684E-18
  6.4046211E+03  3.5999645E-19
  6.4066646E+03 -2.2111861E-19
  6.4087085E+03  1.8513121E-18
  6.4107520E+03  9.4515559E-19
  6.4127959E+03  1.0793334E-18
  6.4148394E+03 -5.3646795E-20
  6.4168828E+03  5.3913151E-19
  6.4189268E+03  5.0296138E-19
  6.4209702E+03  9.1020638E-19
  6.4230142E+03  1.4834930E-18
  6.4250576E+03  1.9121719E-18
  6.4271011E+03  2.4592237E-18
  6.4291450E+03  1.2516749E-18
  6.4311885E+03 -1.7292624E-19
  6.4332324E+03 -1.9087614E-18
  6.4352759E+03  9.3220767E-20
  6.4373193E+03 -4.9266133E-19
  6.4393633E+03  2.2606102E-19
  6.4414067E+03 -8.0588319E-19
  6.4434507E+03 -3.3215104E-19
  6.4454941E+03  3.7717864E-19
  6.4475376E+03  5.5636251E-19
  6.4495815E+03  1.2271191E-18
  6.4516250E+03  1.8112319E-18
  6.4536689E+03  9.4841055E-19
  6.4557124E+03  1.6648581E-19
  6.4577559E+03  8.7161676E-20
  6.4597998E+03  6.9180837E-19
  6.4618433E+03  1.5541739E-18
  6.4638872E+03  1.4668635E-18
  6.4659307E+03  3.5317345E-18
  6.4679741E+03  3.3799003E-18
  6.4700181E+03  3.8669726E-18
  6.4720615E+03  5.4793850E-18
  6.4741055E+03  1.2635763E-18
  6.4761489E+03 -8.2032322E-20
  6.4781924E+03  2.6738264E-18
  6.4802363E+03  2.2746789E-18
  6.4822798E+03  2.2050741E-18
  6.4843237E+03  1.9874181E-18
  6.4863672E+03  7.4026213E-19
  6.4884106E+03  1.3588476E-18
  6.4904546E+03  2.8136623E-18
  6.4924980E+03  2.8479438E-18
  6.4945420E+03  2.1507821E-18
  6.4965854E+03  3.2402145E-18
  6.4986289E+03  4.3468895E-18
  6.5006729E+03  3.9334291E-18
  6.5027163E+03  4.7820188E-18
  6.5047603E+03  4.2575755E-18
  6.5068037E+03  2.9438736E-18
  6.5088472E+03  4.4878486E-18
  6.5108911E+03  5.0515966E-18
  6.5129346E+03  6.0514490E-18
  6.5149780E+03  6.7433972E-18
  6.5170220E+03  6.4863951E-18
  6.5190654E+03  6.8444663E-18
  6.5211094E+03  7.6481641E-18
  6.5231528E+03  7.5848583E-18
  6.5251963E+03  8.4429647E-18
  6.5272402E+03  9.7513287E-18
  6.5292837E+03  1.0355486E-17
  6.5313276E+03  1.1607739E-17
  6.5333711E+03  1.2455552E-17
  6.5354146E+03  1.2858219E-17
  6.5374585E+03  1.2728320E-17
  6.5395020E+03  1.3242530E-17
  6.5415459E+03  1.4812019E-17
  6.5435894E+03  1.6061667E-17
  6.5456328E+03  1.6524349E-17
  6.5476768E+03  1.6321994E-17
  6.5497202E+03  1.6802291E-17
  6.5517642E+03  1.7956278E-17
  6.5538076E+03  1.7067793E-17
  6.5558511E+03  1.8307046E-17
  6.5578950E+03  2.0822704E-17
  6.5599385E+03  2.2796815E-17
  6.5619824E+03  2.4902818E-17
  6.5640259E+03  2.6127408E-17
  6.5660693E+03  2.4916834E-17
  6.5681133E+03  2.4317937E-17
  6.5701567E+03  2.4019441E-17
  6.5722007E+03  2.2131451E-17
  6.5742441E+03  2.1960765E-17
  6.5762876E+03  2.3891947E-17
  6.5783315E+03  2.5942469E-17
  6.5803750E+03  2.4192991E-17
  6.5824189E+03  2.3477259E-17
  6.5844624E+03  2.8260741E-17
  6.5865059E+03  2.8531881E-17
  6.5885498E+03  2.4352699E-17
  6.5905933E+03  2.1753674E-17
  6.5926372E+03  2.0746262E-17
  6.5946807E+03  2.0348474E-17
  6.5967241E+03  1.9810795E-17
  6.5987681E+03  1.9945902E-17
  6.6008115E+03  1.9352119E-17
  6.6028555E+03  1.8269687E-17
  6.6048989E+03  1.8701116E-17
  6.6069424E+03  1.8677067E-17
  6.6089863E+03  1.6793586E-17
  6.6110298E+03  1.6578488E-17
  6.6130737E+03  1.6552003E-17
  6.6151172E+03  1.5418332E-17
  6.6171606E+03  1.4181615E-17
  6.6192046E+03  1.3858382E-17
  6.6212480E+03  1.4116906E-17
  6.6232920E+03  1.3606452E-17
  6.6253354E+03  1.1683576E-17
  6.6273789E+03  1.2043684E-17
  6.6294229E+03  1.2408026E-17
  6.6314663E+03  1.1835668E-17
  6.6335103E+03  1.1187853E-17
  6.6355537E+03  1.1680771E-17
  6.6375972E+03  1.1515650E-17
  6.6396411E+03  1.0327697E-17
  6.6416846E+03  1.0405310E-17
  6.6437285E+03  1.1233118E-17
  6.6457720E+03  1.0143075E-17
  6.6478154E+03  9.4311527E-18
  6.6498594E+03  9.1802903E-18
  6.6519028E+03  8.2049244E-18
  6.6539468E+03  8.2427216E-18
  6.6559902E+03  8.9089478E-18
  6.6580337E+03  8.8634967E-18
  6.6600776E+03  7.9614322E-18
  6.6621211E+03  7.9355812E-18
  6.6641646E+03  8.8949461E-18
  6.6662085E+03  8.1936260E-18
  6.6682520E+03  6.9257359E-18
  6.6702959E+03  6.9277448E-18
  6.6723394E+03  6.7999652E-18
  6.6743828E+03  6.7337051E-18
  6.6764268E+03  7.2109892E-18
  6.6784702E+03  6.4710352E-18
  6.6805142E+03  5.5356085E-18
  6.6825576E+03  5.6023768E-18
  6.6846011E+03  5.8209188E-18
  6.6866450E+03  6.0503319E-18
  6.6886885E+03  5.9663892E-18
  6.6907324E+03  5.5012226E-18
  6.6927759E+03  5.4010899E-18
  6.6948193E+03  5.5372430E-18
  6.6968633E+03  4.7191001E-18
  6.6989067E+03  4.0834127E-18
  6.7009507E+03  4.3462228E-18
  6.7029941E+03  3.9238950E-18
  6.7050376E+03  3.3991366E-18
  6.7070815E+03  3.6347615E-18
  6.7091250E+03  3.6400769E-18
  6.7111689E+03  2.6476515E-18
  6.7132124E+03  2.4195190E-18
  6.7152559E+03  3.4172593E-18
  6.7172998E+03  3.5998065E-18
  6.7193433E+03  3.0002836E-18
  6.7213872E+03  3.2568020E-18
  6.7234307E+03  3.8255705E-18
  6.7254741E+03  3.4070620E-18
  6.7275181E+03  2.9565123E-18
  6.7295615E+03  3.0280013E-18
  6.7316055E+03  3.3005904E-18
  6.7336489E+03  3.5234751E-18
  6.7356924E+03  3.2016456E-18
  6.7377363E+03  2.2909851E-18
  6.7397798E+03  1.5720955E-18
  6.7418237E+03  1.9771015E-18
  6.7438672E+03  2.9097228E-18
  6.7459106E+03  3.6183783E-18
  6.7479546E+03  4.1121109E-18
  6.7499980E+03  3.4303428E-18
  6.7520420E+03  2.1066454E-18
  6.7540854E+03  1.8680294E-18
  6.7561289E+03  2.0992645E-18
  6.7581729E+03  1.4800005E-18
  6.7602163E+03  1.1249706E-18
  6.7622603E+03  2.5583861E-18
  6.7643037E+03  3.0463970E-18
  6.7663472E+03  2.6444896E-18
  6.7683911E+03  2.6601126E-18
  6.7704346E+03  2.4704254E-18
  6.7724785E+03  2.2344191E-18
  6.7745220E+03  1.6358853E-18
  6.7765654E+03  1.2447372E-18
  6.7786094E+03  1.4756184E-18
  6.7806528E+03  1.9740384E-18
  6.7826968E+03  2.9013540E-18
  6.7847402E+03  2.0420765E-18
  6.7867837E+03  9.0344087E-19
  6.7888276E+03  8.7796785E-19
  6.7908711E+03  6.8284587E-19
  6.7929150E+03  4.3826759E-19
  6.7949585E+03  6.9836047E-19
  6.7970020E+03  4.7575872E-19
  6.7990459E+03  7.1230342E-19
  6.8010894E+03  5.8657528E-19
  6.8031333E+03  1.0135443E-19
  6.8051768E+03  5.3404187E-19
  6.8072202E+03  7.9792572E-19
  6.8092642E+03  1.2544583E-18
  6.8113076E+03  5.8605333E-19
  6.8133511E+03 -2.2137917E-19
  6.8153950E+03  1.3227611E-19
  6.8174385E+03  6.4672206E-19
  6.8194824E+03  1.1646761E-18
  6.8215259E+03  9.7289096E-19
  6.8235693E+03  9.5270610E-19
  6.8256133E+03  1.2015013E-18
  6.8276567E+03  1.4779633E-18
  6.8297007E+03  3.6047026E-18
  6.8317441E+03  2.2016264E-18
  6.8337876E+03  3.1888061E-18
  6.8358315E+03  2.4543938E-18
  6.8378750E+03  2.0143213E-18
  6.8399189E+03  2.0778206E-18
  6.8419624E+03  2.0755922E-18
  6.8440059E+03  1.9181409E-18
  6.8460498E+03  1.5518826E-18
  6.8480933E+03  6.5620155E-19
  6.8501372E+03  2.3793519E-19
  6.8521807E+03  1.2061700E-19
  6.8542241E+03 -7.8412090E-19
  6.8562681E+03 -2.5125198E-19
  6.8583115E+03  6.1780962E-19
  6.8603555E+03  1.1326882E-18
  6.8623989E+03  1.4770857E-18
  6.8644424E+03  4.6767134E-20
  6.8664863E+03 -1.5924054E-20
  6.8685298E+03 -2.8206032E-20
  6.8705737E+03 -1.6135597E-18
  6.8726172E+03 -2.1864228E-18
  6.8746606E+03 -2.2815014E-18
  6.8767046E+03 -2.3010618E-18
  6.8787480E+03 -1.5780124E-18
  6.8807920E+03 -1.1056080E-18
  6.8828354E+03 -4.3251454E-19
  6.8848789E+03  3.6019164E-19
  6.8869229E+03 -1.9101586E-19
  6.8889663E+03 -7.0262127E-19
  6.8910103E+03  9.1681384E-20
  6.8930537E+03  4.1341577E-19
  6.8950972E+03 -4.8229590E-20
  6.8971411E+03 -2.2806279E-19
  6.8991846E+03 -7.2854346E-19
  6.9012285E+03 -1.1025399E-18
  6.9032720E+03 -8.7600329E-19
  6.9053154E+03 -1.8931848E-19
  6.9073594E+03  5.3907278E-19
  6.9094028E+03  1.9847372E-20
  6.9114468E+03 -6.6838344E-19
  6.9134902E+03  6.2596893E-20
  6.9155337E+03  1.0287637E-18
  6.9175776E+03  1.2902496E-18
  6.9196211E+03  2.1659642E-19
  6.9216650E+03  4.4570642E-19
  6.9237085E+03  2.5865464E-18
  6.9257520E+03  1.1352334E-18
  6.9277959E+03  2.4049449E-19
  6.9298394E+03  1.4870391E-19
  6.9318833E+03 -3.5725931E-20
  6.9339268E+03  2.5847740E-19
  6.9359702E+03 -4.3528891E-19
  6.9380142E+03 -5.9496289E-19
  6.9400576E+03  3.6120827E-19
  6.9421016E+03  4.7368415E-19
  6.9441450E+03  5.7860457E-20
  6.9461885E+03 -8.8037660E-20
  6.9482324E+03 -1.3928662E-18
  6.9502759E+03 -1.7292972E-18
  6.9523198E+03  8.1095055E-19
  6.9543633E+03  6.8640114E-19
  6.9564067E+03  4.5344718E-19
  6.9584507E+03  1.1466386E-18
  6.9604941E+03  5.1178244E-19
  6.9625376E+03 -2.6246027E-19
  6.9645815E+03 -4.8847993E-19
  6.9666250E+03 -5.9228034E-19
  6.9686689E+03 -7.2440513E-19
  6.9707124E+03 -1.8661691E-19
  6.9727559E+03  6.6868371E-19
  6.9747998E+03  1.3667505E-19
  6.9768433E+03 -1.2745529E-18
  6.9788872E+03 -2.2727019E-18
  6.9809307E+03 -8.7131235E-19
  6.9829741E+03  4.6675899E-19
  6.9850181E+03  5.1617807E-19
  6.9870615E+03  3.4770206E-19
  6.9891055E+03  9.6145105E-19
  6.9911489E+03  1.1756652E-18
  6.9931924E+03  7.0985993E-19
  6.9952363E+03  1.2010489E-18
  6.9972798E+03  5.4680526E-19
  6.9993237E+03 -4.7629002E-18
  7.0013672E+03 -9.9719286E-18
  7.0034106E+03 -4.0602698E-18
  7.0054546E+03  1.3744848E-18
  7.0074980E+03  9.4244575E-19
  7.0095420E+03  9.1487830E-19
  7.0115854E+03  4.1368460E-19
  7.0136289E+03  8.3050009E-19
  7.0156729E+03  1.0368345E-18
  7.0177163E+03 -1.1132999E-18
  7.0197603E+03 -4.1379776E-18
  7.0218037E+03 -4.0192640E-18
  7.0238472E+03 -6.5083232E-19
  7.0258911E+03  9.2009781E-20
  7.0279346E+03 -1.7254988E-19
  7.0299785E+03 -3.5327723E-19
  7.0320220E+03 -1.2857034E-19
  7.0340654E+03  1.3610843E-19
  7.0361094E+03  1.1113072E-18
  7.0381528E+03  1.3129846E-18
  7.0401968E+03  5.2427783E-19
  7.0422402E+03  3.8329151E-19
  7.0442837E+03  6.0423641E-19
  7.0463276E+03  4.9162404E-19
  7.0483711E+03  5.2891417E-19
  7.0504150E+03  2.8777944E-19
  7.0524585E+03  2.4274525E-19
  7.0545020E+03  9.0895072E-19
  7.0565459E+03  1.0244301E-18
  7.0585894E+03  2.6885272E-19
  7.0606333E+03  5.3888087E-19
  7.0626768E+03  1.1273082E-18
  7.0647202E+03  1.2002407E-18
  7.0667642E+03  1.7347665E-18
  7.0688076E+03  1.9026411E-18
  7.0708516E+03  1.4209027E-18
  7.0728950E+03  1.1936448E-18
  7.0749385E+03  1.8245090E-18
  7.0769824E+03  2.1273414E-18
  7.0790259E+03  8.0856238E-19
  7.0810698E+03 -9.5995958E-20
  7.0831133E+03 -5.4370251E-19
  7.0851567E+03 -6.4347207E-19
  7.0872007E+03 -3.9475292E-19
  7.0892441E+03 -4.7685308E-20
  7.0912881E+03  7.0437815E-19
  7.0933315E+03  5.8315737E-19
  7.0953750E+03  4.1942358E-19
  7.0974189E+03  1.1250847E-18
  7.0994624E+03  1.1864624E-18
  7.1015063E+03  1.0697522E-18
  7.1035498E+03  1.1892922E-18
  7.1055933E+03  9.9535967E-19
  7.1076372E+03  8.9302750E-19
  7.1096807E+03  3.1215894E-19
  7.1117246E+03  1.6302820E-19
  7.1137681E+03  9.8433914E-19
  7.1158115E+03  1.6109673E-18
  7.1178555E+03  1.1957963E-18
  7.1198989E+03  5.5168976E-19
  7.1219424E+03  1.6738331E-19
  7.1239863E+03 -4.1786021E-19
  7.1260298E+03 -7.2383267E-19
  7.1280737E+03 -3.5735857E-20
  7.1301172E+03  4.7601018E-19
  7.1321606E+03  2.2129232E-19
  7.1342046E+03  1.3226039E-19
  7.1362480E+03  6.7687605E-19
  7.1382920E+03  9.1470790E-19
  7.1403354E+03  6.3571394E-19
  7.1423789E+03  3.7497004E-19
  7.1444229E+03  4.0580325E-19
  7.1464663E+03  9.6735629E-19
  7.1485103E+03  9.5859893E-19
  7.1505537E+03  2.9400232E-19
  7.1525972E+03  2.7972188E-19
  7.1546411E+03  8.9525510E-19
  7.1566846E+03  1.1961429E-18
  7.1587285E+03  6.1191348E-19
  7.1607720E+03  2.5869826E-19
  7.1628154E+03  9.0620283E-19
  7.1648594E+03  1.4093561E-18
  7.1669028E+03  5.9475113E-19
  7.1689468E+03  9.5720513E-20
  7.1709902E+03  3.4766897E-19
  7.1730337E+03  4.3974245E-19
  7.1750776E+03  1.0119331E-18
  7.1771211E+03  3.0754492E-19
  7.1791650E+03 -1.4413953E-19
  7.1812085E+03  1.2646243E-18
  7.1832520E+03  1.7315860E-18
  7.1852959E+03  1.0727829E-18
  7.1873394E+03 -1.6922461E-20
  7.1893833E+03 -2.9750957E-19
  7.1914268E+03 -3.7024439E-19
  7.1934702E+03  6.0121968E-20
  7.1955142E+03  2.3351391E-19
  7.1975576E+03  5.4561660E-20
  7.1996016E+03  5.7168851E-19
  7.2016450E+03  8.5579444E-19
  7.2036885E+03  1.5364218E-19
  7.2057324E+03 -3.2175338E-19
  7.2077759E+03  4.3274287E-19
  7.2098198E+03  1.0387122E-18
  7.2118633E+03  1.5913491E-18
  7.2139067E+03  1.1858734E-18
  7.2159507E+03  2.6725627E-19
  7.2179941E+03  5.6126686E-19
  7.2200381E+03  7.8049206E-19
  7.2220815E+03  3.1266021E-19
  7.2241250E+03  5.3841269E-19
  7.2261689E+03  1.6812032E-19
  7.2282124E+03 -1.2624687E-18
  7.2302563E+03 -4.9674512E-19
  7.2322998E+03  1.2106433E-18
  7.2343433E+03  1.7660389E-19
  7.2363872E+03  3.5137805E-20
  7.2384307E+03 -5.4949525E-19
  7.2404746E+03  3.1391173E-18
  7.2425181E+03  8.5729487E-18
  7.2445615E+03  5.0754822E-18
  7.2466055E+03  1.2181359E-18
  7.2486489E+03  1.0798752E-18
  7.2506929E+03  2.1887695E-19
  7.2527363E+03  3.3085736E-19
  7.2547798E+03  7.0227965E-19
  7.2568237E+03  3.0383916E-19
  7.2588672E+03  4.4936008E-19
  7.2609111E+03  8.9568606E-19
  7.2629546E+03  6.7126286E-19
  7.2649980E+03  5.1531532E-19
  7.2670420E+03  6.7651876E-19
  7.2690854E+03  7.0310760E-19
  7.2711289E+03  1.3610711E-18
  7.2731729E+03  1.5656031E-18
  7.2752163E+03  1.5111084E-18
  7.2772603E+03 -3.4180509E-19
  7.2793037E+03  4.8890510E-19
  7.2813472E+03  1.6025136E-18
  7.2833911E+03  1.4421844E-18
  7.2854346E+03  1.1318412E-18
  7.2874785E+03  3.0480778E-20
  7.2895220E+03  1.2232992E-18
  7.2915654E+03  1.7932209E-18
  7.2936094E+03  1.3264892E-18
  7.2956528E+03  2.1538079E-18
  7.2976968E+03  3.4828498E-18
  7.2997402E+03  3.1800785E-18
  7.3017837E+03  1.7854321E-18
  7.3038276E+03  1.5641746E-18
  7.3058711E+03  2.2178085E-18
  7.3079150E+03  2.8568378E-18
  7.3099585E+03  3.2264751E-18
  7.3120020E+03  2.9494539E-18
  7.3140459E+03  5.2188165E-18
  7.3160894E+03  1.3001939E-18
  7.3181333E+03 -5.3315211E-18
  7.3201768E+03  3.3940370E-18
  7.3222202E+03  6.7098451E-18
  7.3242642E+03  2.8620714E-18
  7.3263076E+03  4.0220268E-18
  7.3283516E+03  5.3422211E-18
  7.3303950E+03  5.4978328E-18
  7.3324385E+03  5.5739979E-18
  7.3344824E+03  4.7953877E-18
  7.3365259E+03  3.3743421E-18
  7.3385698E+03  3.9016323E-18
  7.3406133E+03  6.1593357E-19
  7.3426567E+03 -7.0151539E-19
  7.3447007E+03  3.4881214E-18
  7.3467441E+03  4.3808122E-18
  7.3487881E+03  3.4069181E-18
  7.3508315E+03  2.8478124E-18
  7.3528750E+03  2.1450299E-18
  7.3549189E+03  2.0816066E-18
  7.3569624E+03  8.6941894E-19
  7.3590063E+03  1.7098559E-18
  7.3610498E+03  4.9835481E-18
  7.3630933E+03  3.8159082E-18
  7.3651372E+03  2.0340280E-18
  7.3671807E+03 -3.5315318E-19
  7.3692246E+03  2.8708296E-18
  7.3712681E+03  1.0200839E-17
  7.3733115E+03  5.2864170E-18
  7.3753555E+03  3.7990997E-19
  7.3773989E+03  1.7441872E-18
  7.3794429E+03  2.0617526E-18
  7.3814863E+03  1.7860401E-18
  7.3835298E+03  1.3486699E-18
  7.3855737E+03  1.7418215E-18
  7.3876172E+03  2.1888746E-18
  7.3896611E+03  1.7521844E-18
  7.3917046E+03  2.1859455E-18
  7.3937480E+03  3.4940101E-18
  7.3957920E+03  1.6208324E-18
  7.3978354E+03  8.1959702E-19
  7.3998794E+03  7.5837330E-19
  7.4019229E+03  2.5401647E-18
  7.4039663E+03  5.9269786E-18
  7.4060103E+03  2.6489632E-18
  7.4080537E+03  1.9114572E-18
  7.4100977E+03  3.3223709E-19
  7.4121411E+03  9.2322207E-19
  7.4141846E+03  1.5118635E-18
  7.4162285E+03  1.6322821E-18
  7.4182720E+03  1.9270727E-18
  7.4203154E+03  1.5904012E-18
  7.4223594E+03  1.2416444E-18
  7.4244028E+03  1.2328622E-18
  7.4264468E+03  1.2365308E-18
  7.4284902E+03  1.1507836E-18
  7.4305337E+03  1.1019262E-18
  7.4325776E+03  1.8710768E-18
  7.4346211E+03  1.6029504E-18
  7.4366650E+03  1.2326563E-19
  7.4387085E+03 -7.1849652E-19
  7.4407520E+03  2.0647843E-18
  7.4427959E+03  2.6345893E-18
  7.4448394E+03  1.3350926E-18
  7.4468833E+03  3.3103355E-19
  7.4489268E+03  1.5133104E-19
  7.4509702E+03  4.6851841E-19
  7.4530142E+03  6.7960084E-19
  7.4550576E+03  9.2500547E-19
  7.4571016E+03  1.1621747E-18
  7.4591450E+03  8.2523260E-19
  7.4611885E+03  7.0776468E-19
  7.4632324E+03  8.1207376E-19
  7.4652759E+03 -4.8494291E-20
  7.4673198E+03 -1.6075842E-19
  7.4693633E+03  3.8155360E-19
  7.4714067E+03 -2.3696078E-19
  7.4734507E+03  6.9523207E-19
  7.4754941E+03  1.2242157E-18
  7.4775381E+03 -7.0704669E-19
  7.4795815E+03  5.5399346E-19
  7.4816250E+03  1.2170995E-18
  7.4836689E+03  1.1203169E-19
  7.4857124E+03  1.1479869E-18
  7.4877563E+03  1.4175394E-20
