  4.6064370E+03  4.9170302E-17
  4.6073589E+03  2.5345792E-17
  4.6082808E+03  6.3919488E-18
  4.6092021E+03 -2.9379550E-17
  4.6101240E+03  1.1636525E-17
  4.6110459E+03  3.9787837E-17
  4.6119678E+03  7.1874094E-17
  4.6128892E+03  2.7182930E-17
  4.6138110E+03 -4.5556344E-18
  4.6147329E+03 -5.1093160E-18
  4.6156548E+03  1.1114184E-17
  4.6165767E+03 -2.3749348E-18
  4.6174980E+03  2.7729344E-18
  4.6184199E+03  1.5328120E-17
  4.6193418E+03 -2.7136818E-18
  4.6202637E+03  1.0915859E-17
  4.6211855E+03 -3.0579180E-17
  4.6221069E+03  1.4631846E-17
  4.6230288E+03 -3.5934651E-17
  4.6239507E+03 -9.4364976E-17
  4.6248726E+03  5.3608464E-17
  4.6257944E+03  8.1718827E-17
  4.6267158E+03  9.8303203E-18
  4.6276377E+03 -1.8948723E-17
  4.6285596E+03  4.3762857E-17
  4.6294814E+03  3.4651866E-17
  4.6304028E+03 -1.5725445E-17
  4.6313247E+03  4.4751173E-17
  4.6322466E+03  4.4013592E-17
  4.6331685E+03 -4.4154914E-17
  4.6340903E+03 -4.8904367E-17
  4.6350117E+03  3.0003336E-17
  4.6359336E+03 -6.0684352E-18
  4.6368555E+03 -9.2388795E-18
  4.6377773E+03 -9.4759693E-18
  4.6386992E+03  2.4938106E-18
  4.6396206E+03  1.6433114E-17
  4.6405425E+03 -1.9742432E-17
  4.6414644E+03 -4.3105639E-18
  4.6423862E+03  1.3920814E-17
  4.6433081E+03  2.2887148E-17
  4.6442295E+03  3.5051256E-17
  4.6451514E+03  4.1347821E-17
  4.6460732E+03  1.0369880E-17
  4.6469951E+03 -1.5679546E-17
  4.6479170E+03 -2.9541300E-17
  4.6488384E+03 -1.0126954E-17
  4.6497603E+03  1.6411912E-17
  4.6506821E+03 -6.2682820E-18
  4.6516040E+03  1.7301852E-17
  4.6525254E+03  5.3866134E-17
  4.6534473E+03  8.9946217E-17
  4.6543691E+03  7.4556277E-17
  4.6552910E+03  2.3172598E-17
  4.6562129E+03  2.3505217E-17
  4.6571343E+03  2.6654752E-17
  4.6580562E+03  5.1051936E-17
  4.6589780E+03  3.4656088E-17
  4.6598999E+03  1.1569927E-17
  4.6608218E+03  3.4121002E-17
  4.6617432E+03  3.3703878E-17
  4.6626650E+03  3.3038600E-17
  4.6635869E+03  2.1092762E-17
  4.6645088E+03  6.4057092E-17
  4.6654307E+03  1.2301748E-16
  4.6663521E+03  7.0922175E-17
  4.6672739E+03  6.8733283E-17
  4.6681958E+03  7.9166982E-17
  4.6691177E+03  7.9627476E-17
  4.6700391E+03  3.0751346E-17
  4.6709609E+03  2.3458644E-17
  4.6718828E+03  1.2073025E-17
  4.6728047E+03  3.4280906E-17
  4.6737266E+03  5.0188969E-17
  4.6746479E+03  6.2999412E-17
  4.6755698E+03  2.6577325E-17
  4.6764917E+03  3.3877202E-17
  4.6774136E+03  3.0556634E-17
  4.6783354E+03  5.8577940E-17
  4.6792568E+03  4.1797992E-17
  4.6801787E+03  3.3824752E-17
  4.6811006E+03  8.3481450E-18
  4.6820225E+03  2.3864253E-17
  4.6829443E+03  3.2514657E-17
  4.6838657E+03  3.1269823E-17
  4.6847876E+03  4.3193492E-17
  4.6857095E+03  2.9418195E-17
  4.6866313E+03  2.5369471E-17
  4.6875532E+03  3.2114023E-17
  4.6884746E+03  4.3384300E-17
  4.6893965E+03  6.5437901E-17
  4.6903184E+03  3.2972875E-17
  4.6912402E+03 -2.3134462E-17
  4.6921616E+03 -3.3848906E-17
  4.6930835E+03  2.6518616E-18
  4.6940054E+03 -4.0342723E-18
  4.6949272E+03 -4.7121502E-18
  4.6958491E+03  3.8926855E-17
  4.6967705E+03  3.2986878E-17
  4.6976924E+03  3.1901272E-17
  4.6986143E+03 -4.8997018E-18
  4.6995361E+03 -3.1774218E-17
  4.7004580E+03  1.6771067E-17
  4.7013794E+03  6.4921105E-17
  4.7023013E+03  4.8034312E-18
  4.7032231E+03  5.8656370E-18
  4.7041450E+03  2.5188045E-17
  4.7050669E+03  7.8212693E-17
  4.7059883E+03  3.6326278E-17
  4.7069102E+03 -1.2902595E-17
  4.7078320E+03  2.4118099E-17
  4.7087539E+03  6.1425440E-17
  4.7096758E+03 -3.5960519E-18
  4.7105972E+03  5.4940585E-17
  4.7115190E+03  3.7932729E-17
  4.7124409E+03  3.1833894E-17
  4.7133628E+03  3.5252677E-17
  4.7142842E+03  2.5324791E-17
  4.7152061E+03  6.0131981E-17
  4.7161279E+03  6.8449037E-17
  4.7170498E+03  1.1542875E-17
  4.7179717E+03  7.2844039E-18
  4.7188931E+03  1.6635277E-17
  4.7198149E+03  3.1628065E-17
  4.7207368E+03  3.4310155E-17
  4.7216587E+03  2.1569006E-17
  4.7225806E+03  2.1895405E-18
  4.7235020E+03 -3.0687395E-17
  4.7244238E+03 -3.3433383E-17
  4.7253457E+03 -3.3047288E-17
  4.7262676E+03  1.7790405E-17
  4.7271895E+03  3.9616274E-17
  4.7281108E+03  2.0078122E-17
  4.7290327E+03  4.7724483E-18
  4.7299546E+03  1.5672240E-17
  4.7308765E+03  2.4368503E-17
  4.7317979E+03  2.6968538E-17
  4.7327197E+03  3.2931516E-17
  4.7336416E+03  2.5251111E-18
  4.7345635E+03 -7.1434021E-17
  4.7354854E+03 -7.3266431E-17
  4.7364067E+03  2.4092396E-17
  4.7373286E+03  6.4367992E-17
  4.7382505E+03  2.2897405E-17
  4.7391724E+03  2.4655753E-17
  4.7400942E+03 -1.3813990E-17
  4.7410156E+03  2.1348142E-18
  4.7419375E+03  3.3092717E-17
  4.7428594E+03  1.6266778E-17
  4.7437812E+03  4.2006759E-17
  4.7447031E+03 -2.7073688E-18
  4.7456245E+03 -1.9709828E-17
  4.7465464E+03 -1.7023569E-17
  4.7474683E+03 -3.3981003E-17
  4.7483901E+03  1.6793275E-17
  4.7493120E+03  3.4650516E-17
  4.7502334E+03  7.1122180E-18
  4.7511553E+03 -3.7153247E-17
  4.7520771E+03 -2.2834566E-17
  4.7529990E+03 -1.6462079E-17
  4.7539204E+03  1.8964274E-18
  4.7548423E+03  1.3418325E-18
  4.7557642E+03 -2.7406252E-17
  4.7566860E+03 -7.1088114E-17
  4.7576079E+03 -5.0521561E-17
  4.7585293E+03 -1.3313366E-17
  4.7594512E+03  1.2851886E-17
  4.7603730E+03 -1.4135054E-17
  4.7612949E+03            NaN
  4.7622168E+03            NaN
  4.7631382E+03            NaN
  4.7640601E+03            NaN
  4.7649819E+03 -4.7146668E-17
  4.7659038E+03 -1.7906779E-17
  4.7668257E+03  2.4988756E-17
  4.7677471E+03  1.0846522E-17
  4.7686689E+03 -1.0386020E-17
  4.7695908E+03  1.3621469E-17
  4.7705127E+03  2.2450476E-17
  4.7714341E+03  3.9536586E-18
  4.7723560E+03  2.1958138E-18
  4.7732778E+03 -1.3303869E-17
  4.7741997E+03  1.9452112E-18
  4.7751216E+03  3.9337666E-17
  4.7760430E+03 -9.1304858E-19
  4.7769648E+03 -4.2364181E-17
  4.7778867E+03 -3.3832441E-17
  4.7788086E+03 -2.3232340E-17
  4.7797305E+03 -3.2767728E-17
  4.7806519E+03 -3.3261032E-17
  4.7815737E+03 -3.0855015E-17
  4.7824956E+03  2.5471287E-17
  4.7834175E+03  2.0183736E-17
  4.7843394E+03 -4.2780722E-17
  4.7852607E+03 -3.0287304E-17
  4.7861826E+03  4.2124259E-17
  4.7871045E+03  4.8305799E-17
  4.7880264E+03  1.5203633E-17
  4.7889482E+03  1.9870612E-17
  4.7898696E+03  1.1359704E-17
  4.7907915E+03 -9.5735833E-18
  4.7917134E+03  7.5165968E-18
  4.7926353E+03  1.3123081E-17
  4.7935566E+03  3.4319035E-17
  4.7944785E+03  1.2174709E-17
  4.7954004E+03 -1.4928009E-17
  4.7963223E+03  8.7080744E-18
  4.7972441E+03 -4.8195844E-18
  4.7981655E+03  3.9849558E-17
  4.7990874E+03  7.2564717E-18
  4.8000093E+03 -9.5455319E-18
  4.8009312E+03 -3.2928889E-17
  4.8018530E+03 -2.2666866E-17
  4.8027744E+03 -2.1429417E-17
  4.8036963E+03 -3.5800860E-17
  4.8046182E+03 -4.3428590E-17
  4.8055400E+03 -2.6500671E-17
  4.8064619E+03 -8.9188400E-18
  4.8073833E+03 -2.1067913E-17
  4.8083052E+03 -2.9586590E-17
  4.8092271E+03 -1.0028533E-17
  4.8101489E+03  6.7601170E-19
  4.8110703E+03  1.5598588E-17
  4.8119922E+03 -2.2927091E-17
  4.8129141E+03 -5.5899145E-18
  4.8138359E+03  2.3894799E-18
  4.8147578E+03 -1.4667216E-17
  4.8156792E+03  2.3954092E-18
  4.8166011E+03  2.4960254E-17
  4.8175229E+03  1.2593970E-17
  4.8184448E+03  3.7039910E-17
  4.8193667E+03  2.9101094E-17
  4.8202881E+03  4.9742321E-17
  4.8212100E+03  6.7383939E-17
  4.8221318E+03  3.1410020E-17
  4.8230537E+03 -1.1454625E-17
  4.8239756E+03  5.9994020E-18
  4.8248970E+03 -7.6304897E-18
  4.8258188E+03  4.6452710E-17
  4.8267407E+03  8.6854103E-17
  4.8276626E+03  6.4114756E-17
  4.8285845E+03  7.2356082E-17
  4.8295059E+03  7.3123871E-17
  4.8304277E+03  4.8051120E-17
  4.8313496E+03  4.4188021E-17
  4.8322715E+03  2.5802293E-17
  4.8331929E+03 -1.4298578E-18
  4.8341147E+03 -4.0046785E-17
  4.8350366E+03 -1.9012647E-17
  4.8359585E+03 -4.1559542E-19
  4.8368804E+03  6.3285339E-18
  4.8378018E+03  2.3496171E-17
  4.8387236E+03  4.5471508E-18
  4.8396455E+03 -2.6932008E-18
  4.8405674E+03  5.2645358E-17
  4.8414893E+03  2.4223911E-17
  4.8424106E+03  9.0083807E-18
  4.8433325E+03  2.6679837E-17
  4.8442544E+03  2.0333529E-17
  4.8451763E+03  2.2707934E-17
  4.8460981E+03  3.4975684E-17
  4.8470195E+03  2.8886186E-17
  4.8479414E+03  3.4870507E-17
  4.8488633E+03  1.6510915E-17
  4.8497852E+03  2.1001970E-17
  4.8507070E+03  3.5486690E-17
  4.8516284E+03  2.0050997E-17
  4.8525503E+03  2.6798885E-17
  4.8534722E+03 -4.9382683E-19
  4.8543940E+03 -2.9677593E-17
  4.8553154E+03  3.6859492E-17
  4.8562373E+03  2.0768401E-17
  4.8571592E+03  2.3790482E-17
  4.8580811E+03  4.9047708E-17
  4.8590029E+03  4.0000013E-17
  4.8599243E+03  1.9501240E-17
  4.8608462E+03  1.2648916E-17
  4.8617681E+03  1.9318095E-17
  4.8626899E+03  4.5344599E-17
  4.8636118E+03  9.8699575E-17
  4.8645332E+03  1.1979881E-16
  4.8654551E+03  5.9447406E-17
  4.8663770E+03  2.1279142E-17
  4.8672988E+03  1.4722935E-17
  4.8682207E+03  1.2180638E-17
  4.8691421E+03  4.1494556E-17
  4.8700640E+03  5.4236062E-17
  4.8709858E+03  3.8090311E-17
  4.8719077E+03  1.8113522E-17
  4.8728291E+03 -6.9902056E-19
  4.8737510E+03  3.8169071E-17
  4.8746729E+03  5.5640119E-17
  4.8755947E+03  4.8530614E-17
  4.8765166E+03  3.7636222E-17
  4.8774380E+03  2.0350483E-17
  4.8783599E+03  5.1302205E-17
  4.8792817E+03  3.4912117E-18
  4.8802036E+03 -2.0185212E-17
  4.8811255E+03 -8.4583651E-18
  4.8820469E+03  1.0818027E-17
  4.8829688E+03  2.4499852E-17
  4.8838906E+03  4.6317343E-17
  4.8848125E+03  6.0206109E-17
  4.8857344E+03  4.2398519E-17
  4.8866558E+03  2.5799035E-17
  4.8875776E+03  3.5719876E-17
  4.8884995E+03  5.3243141E-17
  4.8894214E+03  5.1373657E-17
  4.8903433E+03  4.1886567E-17
  4.8912646E+03  2.6253675E-17
  4.8921865E+03  6.0645574E-18
  4.8931084E+03 -5.1837887E-18
  4.8940303E+03 -8.6157611E-18
  4.8949517E+03  1.3854044E-17
  4.8958735E+03  4.1799607E-17
  4.8967954E+03  4.6338817E-17
  4.8977173E+03  2.4199063E-17
  4.8986392E+03  4.5085916E-17
  4.8995605E+03  6.0679025E-17
  4.9004824E+03  2.5523649E-17
  4.9014043E+03  3.4893827E-17
  4.9023262E+03  3.7835168E-17
  4.9032480E+03  7.0689505E-17
  4.9041694E+03  6.0270676E-17
  4.9050913E+03  5.2657828E-17
  4.9060132E+03  4.2418828E-17
  4.9069351E+03  5.7921933E-17
  4.9078569E+03  5.8931861E-17
  4.9087783E+03  1.4489557E-17
  4.9097002E+03  1.5577029E-17
  4.9106221E+03  3.0467894E-17
  4.9115439E+03  5.4738799E-17
  4.9124653E+03  7.2410928E-17
  4.9133872E+03  3.0600283E-17
  4.9143091E+03  3.4193562E-17
  4.9152310E+03  5.2238365E-17
  4.9161528E+03  5.7058575E-17
  4.9170742E+03  2.7167912E-17
  4.9179961E+03  1.3565192E-17
  4.9189180E+03  1.3986731E-17
  4.9198398E+03  5.0356178E-17
  4.9207617E+03  4.5973626E-17
  4.9216831E+03  6.2888716E-17
  4.9226050E+03  1.0688150E-16
  4.9235269E+03  6.7067109E-17
  4.9244487E+03  4.7541173E-17
  4.9253706E+03  5.4862645E-17
  4.9262920E+03  5.2911141E-17
  4.9272139E+03  5.0830593E-17
  4.9281357E+03  7.5530153E-17
  4.9290576E+03  7.0913572E-17
  4.9299795E+03  5.8628272E-17
  4.9309009E+03  6.1063684E-17
  4.9318228E+03  8.0548578E-17
  4.9327446E+03  7.7201719E-17
  4.9336665E+03  6.7707307E-17
  4.9345879E+03  5.4132536E-17
  4.9355098E+03  5.6345816E-17
  4.9364316E+03  7.1683869E-17
  4.9373535E+03  5.6906082E-17
  4.9382754E+03  9.6768664E-17
  4.9391968E+03  1.0403034E-16
  4.9401187E+03  7.7872298E-17
  4.9410405E+03  3.6600671E-17
  4.9419624E+03  8.5893581E-17
  4.9428843E+03  7.6034978E-17
  4.9438057E+03  7.8991037E-17
  4.9447275E+03  8.1995873E-17
  4.9456494E+03  1.0187239E-16
  4.9465713E+03  1.0852839E-16
  4.9474932E+03  9.0071545E-17
  4.9484146E+03  9.3023018E-17
  4.9493364E+03  8.2542050E-17
  4.9502583E+03  9.3839372E-17
  4.9511802E+03  6.4510512E-17
  4.9521016E+03  6.0190340E-17
  4.9530234E+03  5.1060112E-17
  4.9539453E+03  5.8055638E-17
  4.9548672E+03  4.3856236E-17
  4.9557891E+03  2.8377192E-18
  4.9567104E+03  2.5921054E-17
  4.9576323E+03  5.5172649E-17
  4.9585542E+03  4.6915917E-17
  4.9594761E+03  5.7617080E-17
  4.9603979E+03  6.1007396E-17
  4.9613193E+03  3.1549158E-17
  4.9622412E+03  3.4263985E-17
  4.9631631E+03  5.8932628E-17
  4.9640850E+03  5.4065683E-17
  4.9650068E+03  3.9713590E-17
  4.9659282E+03  3.1853746E-17
  4.9668501E+03  3.9365823E-17
  4.9677720E+03  4.8906723E-17
  4.9686938E+03  1.9952840E-17
  4.9696157E+03  3.1321293E-17
  4.9705371E+03  2.8660961E-17
  4.9714590E+03  1.8467376E-17
  4.9723809E+03  2.9663656E-17
  4.9733027E+03  3.4728616E-17
  4.9742241E+03  1.1148687E-17
  4.9751460E+03  6.1910168E-18
  4.9760679E+03  1.0085734E-17
  4.9769897E+03  1.9621207E-17
  4.9779116E+03  2.6048235E-17
  4.9788330E+03  5.1459214E-17
  4.9797549E+03  4.9361487E-17
  4.9806768E+03  6.5152762E-17
  4.9815986E+03  7.3380112E-17
  4.9825205E+03  2.7199550E-17
  4.9834419E+03  1.6352944E-17
  4.9843638E+03  3.5208215E-17
  4.9852856E+03  5.6009736E-17
  4.9862075E+03  4.8218780E-17
  4.9871294E+03  6.5755108E-17
  4.9880508E+03  3.9556882E-17
  4.9889727E+03  9.3182095E-18
  4.9898945E+03  7.8600886E-18
  4.9908164E+03  3.4823821E-17
  4.9917383E+03  5.8033212E-17
  4.9926597E+03  6.5711671E-17
  4.9935815E+03  8.8463929E-17
  4.9945034E+03  8.5530767E-17
  4.9954253E+03  1.0860060E-16
  4.9963467E+03  1.0720832E-16
  4.9972686E+03  7.3446286E-17
  4.9981904E+03  5.5071028E-17
  4.9991123E+03  7.1882200E-17
  5.0000342E+03  8.8087780E-17
  5.0009556E+03  6.3862042E-17
  5.0018774E+03  3.1518215E-17
  5.0027993E+03  2.9645266E-17
  5.0037212E+03  3.4370340E-17
  5.0046431E+03  7.8540548E-17
  5.0055645E+03  5.6187050E-17
  5.0064863E+03  2.3865352E-17
  5.0074082E+03  7.7163888E-17
  5.0083301E+03  5.2005937E-17
  5.0092520E+03  3.6123904E-17
  5.0101733E+03  6.2348672E-17
  5.0110952E+03  9.0947714E-17
  5.0120171E+03  8.1552094E-17
  5.0129390E+03  7.9288451E-17
  5.0138604E+03  8.3758621E-17
  5.0147822E+03  5.5661864E-17
  5.0157041E+03  2.8491085E-17
  5.0166260E+03  4.7634460E-17
  5.0175479E+03  4.7898489E-17
  5.0184692E+03  6.4639427E-17
  5.0193911E+03  4.8267948E-17
  5.0203130E+03  5.3124868E-17
  5.0212349E+03  7.4590277E-17
  5.0221567E+03  7.0472790E-17
  5.0230781E+03  6.7975479E-17
  5.0240000E+03  8.0506068E-17
  5.0249219E+03  1.0173694E-16
  5.0258438E+03  9.2906571E-17
  5.0267656E+03  5.8282339E-17
  5.0276870E+03  4.3999576E-17
  5.0286089E+03  8.1584076E-17
  5.0295308E+03  1.1859001E-16
  5.0304526E+03  7.9044029E-17
  5.0313745E+03  7.4910118E-17
  5.0322959E+03  5.4160084E-17
  5.0332178E+03  8.8306335E-17
  5.0341396E+03  1.1429853E-16
  5.0350615E+03  8.6670046E-17
  5.0359829E+03  6.2205822E-17
  5.0369048E+03  7.4127764E-17
  5.0378267E+03  7.6315630E-17
  5.0387485E+03  7.2487710E-17
  5.0396704E+03  5.7267428E-17
  5.0405918E+03  6.1877616E-17
  5.0415137E+03  6.2788388E-17
  5.0424355E+03  6.9376644E-17
  5.0433574E+03  8.9091494E-17
  5.0442793E+03  8.6817264E-17
  5.0452007E+03  7.2272729E-17
  5.0461226E+03  7.6148606E-17
  5.0470444E+03  7.0878619E-17
  5.0479663E+03  6.5315035E-17
  5.0488882E+03  6.2531923E-17
  5.0498096E+03  8.2425703E-17
  5.0507314E+03  8.8124977E-17
  5.0516533E+03  3.9949052E-18
  5.0525752E+03 -1.0157176E-17
  5.0534966E+03  4.7746566E-17
  5.0544185E+03  4.6101277E-17
  5.0553403E+03  5.1888421E-17
  5.0562622E+03  4.5543274E-17
  5.0571841E+03  5.1067229E-17
  5.0581055E+03  5.9006294E-17
  5.0590273E+03  7.2359325E-17
  5.0599492E+03  6.2413649E-17
  5.0608711E+03  5.2331773E-17
  5.0617930E+03  2.7970801E-17
  5.0627144E+03  2.3024850E-17
  5.0636362E+03  6.7978484E-17
  5.0645581E+03  6.0051367E-17
  5.0654800E+03  7.1977571E-17
  5.0664019E+03  8.3671675E-17
  5.0673232E+03  5.8976707E-17
  5.0682451E+03  5.1659669E-17
  5.0691670E+03  4.8017345E-17
  5.0700889E+03  5.3302337E-17
  5.0710107E+03  6.1141823E-17
  5.0719321E+03  5.3300849E-17
  5.0728540E+03  2.5653698E-17
  5.0737759E+03  5.6871949E-17
  5.0746978E+03  6.2326127E-17
  5.0756191E+03  5.5417647E-17
  5.0765410E+03  6.9543364E-17
  5.0774629E+03  6.8198831E-17
  5.0783848E+03  4.8880988E-17
  5.0793066E+03  1.2732938E-17
  5.0802280E+03  3.7248492E-17
  5.0811499E+03  5.3310345E-17
  5.0820718E+03  5.8741338E-17
  5.0829937E+03  5.3636505E-17
  5.0839155E+03  3.4684034E-17
  5.0848369E+03  3.5786884E-17
  5.0857588E+03  1.9423485E-17
  5.0866807E+03 -4.3013028E-17
  5.0876025E+03  1.5508088E-17
  5.0885244E+03  2.9139455E-17
  5.0894458E+03  3.8924003E-17
  5.0903677E+03  3.1813062E-17
  5.0912896E+03  3.9004021E-17
  5.0922114E+03  3.2420576E-17
  5.0931333E+03  1.8248948E-17
  5.0940547E+03  3.3812933E-17
  5.0949766E+03  3.5732469E-17
  5.0958984E+03  1.0305810E-17
  5.0968203E+03 -8.4583254E-18
  5.0977417E+03 -8.9488766E-18
  5.0986636E+03  2.3755363E-17
  5.0995854E+03  1.3449606E-17
  5.1005073E+03  1.0451963E-17
  5.1014292E+03  1.6607193E-17
  5.1023506E+03 -3.7129557E-18
  5.1032725E+03  6.4052495E-18
  5.1041943E+03  1.2787134E-17
  5.1051162E+03 -3.0495039E-18
  5.1060381E+03  7.0340660E-18
  5.1069595E+03  2.1794952E-17
  5.1078813E+03 -5.1829615E-18
  5.1088032E+03 -4.7943785E-18
  5.1097251E+03  3.6453982E-18
  5.1106470E+03  1.9387062E-17
  5.1115684E+03  2.1874824E-17
  5.1124902E+03  8.2292493E-18
  5.1134121E+03  7.7798454E-18
  5.1143340E+03 -4.8313965E-19
  5.1152554E+03  1.7329368E-18
  5.1161772E+03 -5.2110526E-18
  5.1170991E+03  1.7424354E-17
  5.1180210E+03  3.6272757E-17
  5.1189429E+03  2.5250330E-17
  5.1198643E+03  1.6527115E-17
  5.1207861E+03  1.4542815E-17
  5.1217080E+03  4.0667177E-18
  5.1226299E+03  1.0195815E-17
  5.1235518E+03 -2.2059451E-18
  5.1244731E+03 -1.5870122E-17
  5.1253950E+03  1.9525658E-17
  5.1263169E+03  1.7753235E-17
  5.1272388E+03  1.5507122E-17
  5.1281606E+03  8.0968541E-18
  5.1290820E+03 -1.6297357E-17
  5.1300039E+03 -2.3221997E-17
  5.1309258E+03 -3.0099971E-17
  5.1318477E+03  9.4388786E-18
  5.1327695E+03 -3.1999714E-18
  5.1336909E+03  1.6604427E-18
  5.1346128E+03  1.6510538E-17
  5.1355347E+03 -5.5910130E-19
  5.1364565E+03  7.0293279E-18
  5.1373779E+03  3.8379797E-17
  5.1382998E+03  2.2408991E-17
  5.1392217E+03  1.2313695E-17
  5.1401436E+03  1.9749321E-17
  5.1410654E+03 -6.6529806E-19
  5.1419868E+03  1.5675020E-17
  5.1429087E+03  5.9642104E-18
  5.1438306E+03  2.4856791E-17
  5.1447524E+03  4.4552775E-17
  5.1456743E+03  8.6918154E-18
  5.1465957E+03  5.6991884E-18
  5.1475176E+03  3.9782888E-18
  5.1484395E+03  1.5315381E-17
  5.1493613E+03  1.7905866E-17
  5.1502832E+03  5.9846186E-18
  5.1512046E+03  1.6327487E-18
  5.1521265E+03  5.2744014E-18
  5.1530483E+03 -7.0758353E-18
  5.1539702E+03 -1.5095252E-18
  5.1548916E+03 -1.0900388E-17
  5.1558135E+03  1.0156097E-17
  5.1567354E+03  2.9456491E-17
  5.1576572E+03  2.2261561E-17
  5.1585791E+03  7.9371619E-18
  5.1595005E+03 -1.1188240E-17
  5.1604224E+03 -9.4020459E-18
  5.1613442E+03 -9.5831984E-18
  5.1622661E+03  6.1512261E-18
  5.1631880E+03  7.1028014E-18
  5.1641094E+03 -1.2497223E-17
  5.1650312E+03  5.0184783E-18
  5.1659531E+03  1.5530468E-17
  5.1668750E+03  2.5554733E-17
  5.1677969E+03  1.1412055E-17
  5.1687183E+03  2.1459785E-17
  5.1696401E+03  2.3940936E-17
  5.1705620E+03  2.0560084E-17
  5.1714839E+03  1.7668221E-17
  5.1724058E+03  3.5775714E-17
  5.1733271E+03  3.4127507E-17
  5.1742490E+03  2.8058708E-17
  5.1751709E+03  1.6702471E-17
  5.1760928E+03 -2.7938919E-18
  5.1770142E+03  3.2528644E-18
  5.1779360E+03  2.9683575E-17
  5.1788579E+03  3.0567368E-17
  5.1797798E+03 -2.0503359E-18
  5.1807017E+03  7.0619188E-18
  5.1816230E+03  2.4518639E-17
  5.1825449E+03  4.3360775E-17
  5.1834668E+03  3.0565118E-17
  5.1843887E+03  1.1459429E-19
  5.1853105E+03  1.4810867E-17
  5.1862319E+03  2.9760920E-17
  5.1871538E+03  1.3212397E-17
  5.1880757E+03  1.5542115E-17
  5.1889976E+03  3.7930605E-17
  5.1899194E+03  5.0422822E-17
  5.1908408E+03  3.3606231E-17
  5.1917627E+03  1.8614052E-17
  5.1926846E+03 -5.5271557E-17
  5.1936064E+03 -1.9989951E-17
  5.1945278E+03  1.3825417E-17
  5.1954497E+03  1.2067910E-17
  5.1963716E+03  1.7601431E-17
  5.1972935E+03  5.1309689E-17
  5.1982153E+03  7.7545800E-18
  5.1991367E+03 -3.8848174E-18
  5.2000586E+03 -2.7250969E-18
  5.2009805E+03 -6.2435593E-19
  5.2019023E+03 -3.5545208E-18
  5.2028242E+03 -1.3819163E-16
  5.2037456E+03 -1.1972910E-16
  5.2046675E+03  1.3452207E-18
  5.2055894E+03  8.7880992E-19
  5.2065112E+03  1.1112411E-17
  5.2074331E+03  1.5674001E-17
  5.2083545E+03  3.3977231E-17
  5.2092764E+03  1.8312528E-17
  5.2101982E+03  4.3938987E-17
  5.2111201E+03  2.2073811E-18
  5.2120420E+03  2.2694263E-17
  5.2129634E+03  3.2773286E-17
  5.2138853E+03  2.7484044E-17
  5.2148071E+03  2.8661299E-17
  5.2157290E+03  3.9309171E-17
  5.2166504E+03  3.9084317E-17
  5.2175723E+03  4.1546132E-17
  5.2184941E+03  4.8454950E-17
  5.2194160E+03  4.0920347E-17
  5.2203379E+03  9.5564639E-18
  5.2212593E+03  1.6156783E-17
  5.2221812E+03 -1.6393568E-17
  5.2231030E+03 -1.7156587E-18
  5.2240249E+03  3.9046101E-18
  5.2249468E+03  2.7488469E-17
  5.2258682E+03  4.8095199E-17
  5.2267900E+03  2.8108524E-17
  5.2277119E+03  5.0439290E-18
  5.2286338E+03  5.9081872E-18
  5.2295557E+03  3.4162367E-17
  5.2304771E+03  1.0425784E-17
  5.2313989E+03  2.0815907E-17
  5.2323208E+03  4.7919817E-17
  5.2332427E+03  4.5187666E-17
  5.2341646E+03  2.7957103E-17
  5.2350859E+03  3.5971160E-17
  5.2360078E+03  5.2991678E-17
  5.2369297E+03  2.6097990E-17
  5.2378516E+03  2.1922093E-17
  5.2387729E+03  2.4966144E-17
  5.2396948E+03  3.1133424E-17
  5.2406167E+03  4.7118590E-17
  5.2415386E+03  2.7550797E-17
  5.2424604E+03  2.5094779E-17
  5.2433818E+03  1.4565658E-18
  5.2443037E+03  7.8300784E-18
  5.2452256E+03  2.3060406E-17
  5.2461475E+03  2.6547779E-17
  5.2470693E+03  2.1714391E-17
  5.2479907E+03  9.8487829E-18
  5.2489126E+03  2.2664365E-17
  5.2498345E+03  2.9495639E-17
  5.2507563E+03  1.8332777E-17
  5.2516782E+03  2.7141715E-17
  5.2525996E+03  3.0405141E-17
  5.2535215E+03  2.8312857E-17
  5.2544434E+03  3.4949321E-17
  5.2553652E+03  4.6933606E-17
  5.2562866E+03  2.5274495E-17
  5.2572085E+03 -1.6684830E-18
  5.2581304E+03  2.0331147E-17
  5.2590522E+03  4.5901668E-17
  5.2599741E+03  3.3690411E-17
  5.2608955E+03  2.6717906E-17
  5.2618174E+03  3.4535353E-17
  5.2627393E+03  3.4354353E-17
  5.2636611E+03  2.6636015E-17
  5.2645830E+03  3.3805866E-17
  5.2655044E+03  3.4121975E-17
  5.2664263E+03  3.0745264E-17
  5.2673481E+03  3.5445258E-17
  5.2682700E+03  4.0141858E-17
  5.2691919E+03  3.8349556E-17
  5.2701133E+03  3.9929034E-17
  5.2710352E+03  3.1684836E-17
  5.2719570E+03  2.7897771E-17
  5.2728789E+03  1.3769407E-17
  5.2738008E+03  1.7125643E-17
  5.2747222E+03  3.6554137E-17
  5.2756440E+03  4.9713436E-17
  5.2765659E+03  2.0742454E-17
  5.2774878E+03 -2.8645728E-18
  5.2784092E+03 -2.5469129E-17
  5.2793311E+03 -3.6774971E-17
  5.2802529E+03 -1.0477931E-16
  5.2811748E+03 -8.5301525E-17
  5.2820967E+03            NaN
  5.2830181E+03            NaN
  5.2839399E+03  2.1047776E-18
  5.2848618E+03  1.8321296E-17
  5.2857837E+03  4.8051134E-17
  5.2867056E+03  4.4182205E-17
  5.2876270E+03  3.9961479E-17
  5.2885488E+03  4.2868708E-17
  5.2894707E+03  4.5821835E-18
  5.2903926E+03  3.7296634E-17
  5.2913145E+03  4.5755132E-17
  5.2922358E+03  5.9006922E-17
  5.2931577E+03  5.1486388E-17
  5.2940796E+03  4.8802048E-17
  5.2950015E+03  3.9730874E-17
  5.2959229E+03  2.8118642E-17
  5.2968447E+03            NaN
  5.2977666E+03            NaN
  5.2986885E+03            NaN
  5.2996104E+03            NaN
  5.3005317E+03            NaN
  5.3014536E+03  3.5524271E-17
  5.3023755E+03  3.3542227E-17
  5.3032974E+03  2.7412673E-17
  5.3042192E+03  3.1768593E-17
  5.3051406E+03  2.1556161E-17
  5.3060625E+03  3.9372705E-17
  5.3069844E+03  4.8783625E-17
  5.3079062E+03  4.5829432E-17
  5.3088281E+03  3.2744117E-17
  5.3097495E+03  4.3993998E-17
  5.3106714E+03  5.1194331E-17
  5.3115933E+03  2.8985070E-17
  5.3125151E+03  7.4439916E-17
  5.3134370E+03  5.5771726E-17
  5.3143584E+03  2.4232064E-17
  5.3152803E+03  9.6478906E-18
  5.3162021E+03  2.7497343E-17
  5.3171240E+03  9.5462003E-18
  5.3180454E+03  5.1794146E-18
  5.3189673E+03  9.4167432E-18
  5.3198892E+03  1.0289134E-18
  5.3208110E+03  2.3938494E-17
  5.3217329E+03  3.1884325E-17
  5.3226543E+03  2.6880538E-17
  5.3235762E+03  5.2640216E-17
  5.3244980E+03  4.7011030E-17
  5.3254199E+03  3.9712088E-17
  5.3263418E+03  4.6861932E-17
  5.3272632E+03  5.6365477E-17
  5.3281851E+03  4.1973116E-17
  5.3291069E+03  2.3334540E-17
  5.3300288E+03  2.7685737E-17
  5.3309507E+03  3.7825593E-17
  5.3318721E+03  4.2598121E-17
  5.3327939E+03  4.5583660E-17
  5.3337158E+03  4.0675938E-17
  5.3346377E+03  3.5632664E-17
  5.3355596E+03  6.1634558E-17
  5.3364810E+03  3.6609399E-17
  5.3374028E+03  4.2231686E-17
  5.3383247E+03  3.5796916E-17
  5.3392466E+03  3.6275079E-17
  5.3401680E+03  3.2288069E-17
  5.3410898E+03  4.4169883E-17
  5.3420117E+03  5.5989215E-17
  5.3429336E+03  4.7342729E-17
  5.3438555E+03  5.4879860E-17
  5.3447769E+03  6.2405404E-17
  5.3456987E+03  6.4914633E-17
  5.3466206E+03  5.6410932E-17
  5.3475425E+03  2.2846940E-17
  5.3484644E+03            NaN
  5.3493857E+03            NaN
  5.3503076E+03  3.7987052E-17
  5.3512295E+03  3.6012208E-17
  5.3521514E+03  4.0922769E-17
  5.3530732E+03  3.2433653E-17
  5.3539946E+03  3.9217559E-17
  5.3549165E+03  5.4264090E-17
  5.3558384E+03  4.1907259E-17
  5.3567603E+03  2.9845524E-17
  5.3576816E+03  2.9768907E-17
  5.3586035E+03  1.8609526E-17
  5.3595254E+03  8.8412373E-18
  5.3604473E+03  3.3332335E-17
  5.3613691E+03  5.1265749E-17
  5.3622905E+03  5.5691457E-17
  5.3632124E+03  4.7644617E-17
  5.3641343E+03  4.1771562E-17
  5.3650562E+03  3.3844095E-17
  5.3659780E+03  4.8116825E-17
  5.3668994E+03  4.0013664E-17
  5.3678213E+03  2.4669107E-17
  5.3687432E+03  3.9783080E-17
  5.3696650E+03  3.8428012E-17
  5.3705869E+03  4.1871836E-17
  5.3715083E+03  6.4974071E-17
  5.3724302E+03  4.9728279E-17
  5.3733521E+03  3.6927321E-17
  5.3742739E+03  3.9600776E-17
  5.3751958E+03  3.7096986E-17
  5.3761172E+03  3.0026292E-17
  5.3770391E+03  2.1601114E-17
  5.3779609E+03  3.2284303E-17
  5.3788828E+03  4.2574205E-17
  5.3798042E+03  5.2533493E-17
  5.3807261E+03  4.2243280E-17
  5.3816479E+03  3.4021078E-17
  5.3825698E+03  2.2041690E-17
  5.3834917E+03  4.1543346E-17
  5.3844131E+03  3.8568368E-17
  5.3853350E+03  3.5034341E-17
  5.3862568E+03  5.3492043E-17
  5.3871787E+03  4.5668331E-17
  5.3881006E+03  4.7504857E-17
  5.3890220E+03  6.0303505E-17
  5.3899438E+03  5.0624463E-17
  5.3908657E+03  5.3512266E-17
  5.3917876E+03  3.8130856E-17
  5.3927095E+03  5.9563873E-17
  5.3936309E+03  6.2232636E-17
  5.3945527E+03  5.1298218E-17
  5.3954746E+03  5.0060061E-17
  5.3963965E+03  4.4565315E-17
  5.3973179E+03  3.8985830E-17
  5.3982397E+03  3.3235938E-17
  5.3991616E+03  4.2089603E-17
  5.4000835E+03  5.1679399E-17
  5.4010054E+03  5.1948855E-17
  5.4019268E+03  2.8590307E-17
  5.4028486E+03  4.0968012E-17
  5.4037705E+03  4.3539750E-17
  5.4046924E+03  1.2943485E-17
  5.4056143E+03  3.9407632E-17
  5.4065356E+03  5.4791365E-17
  5.4074575E+03  5.7741488E-17
  5.4083794E+03  2.1784271E-17
  5.4093013E+03  2.2381516E-17
  5.4102231E+03  4.4346152E-17
  5.4111445E+03  6.7622042E-17
  5.4120664E+03  5.6427786E-17
  5.4129883E+03  3.1025824E-17
  5.4139102E+03  1.7065821E-17
  5.4148320E+03  6.3189915E-17
  5.4157534E+03  1.1330439E-16
  5.4166753E+03  6.1003406E-17
  5.4175972E+03  3.0438486E-17
  5.4185190E+03  4.7108035E-17
  5.4194404E+03  3.2777846E-17
  5.4203623E+03  4.3214516E-17
  5.4212842E+03  4.8205353E-17
  5.4222061E+03  5.3171782E-17
  5.4231279E+03  3.8205818E-17
  5.4240493E+03  4.1746224E-17
  5.4249712E+03  3.5774417E-17
  5.4258931E+03  4.1856133E-17
  5.4268149E+03  5.1788180E-17
  5.4277368E+03  6.4816695E-17
  5.4286582E+03  5.9802955E-17
  5.4295801E+03  5.3391848E-17
  5.4305020E+03  5.4750373E-17
  5.4314238E+03  7.3088494E-17
  5.4323457E+03  7.1806106E-17
  5.4332671E+03  5.9203831E-17
  5.4341890E+03  5.3555663E-17
  5.4351108E+03  5.1015147E-17
  5.4360327E+03  3.5849320E-17
  5.4369541E+03  3.1034817E-17
  5.4378760E+03  5.0553428E-17
  5.4387979E+03  6.6146001E-17
  5.4397197E+03  8.4183978E-17
  5.4406416E+03  6.4963549E-17
  5.4415630E+03  3.7162035E-17
  5.4424849E+03  4.2244637E-17
  5.4434067E+03  4.1771701E-17
  5.4443286E+03  4.1128505E-17
  5.4452505E+03  4.9841907E-17
  5.4461719E+03  4.7851611E-17
  5.4470938E+03  5.5658714E-17
  5.4480156E+03  6.5873117E-17
  5.4489375E+03  6.1100067E-17
  5.4498594E+03  5.1785920E-17
  5.4507808E+03  3.6361847E-17
  5.4517026E+03  2.6627050E-17
  5.4526245E+03  3.3415873E-17
  5.4535464E+03  4.1875542E-17
  5.4544683E+03  3.7738580E-17
  5.4553896E+03  3.4355160E-17
  5.4563115E+03  4.4834069E-17
  5.4572334E+03  4.6163587E-17
  5.4581553E+03  4.6410656E-17
  5.4590767E+03  5.7974336E-17
  5.4599985E+03  6.3793922E-17
  5.4609204E+03  6.0127031E-17
  5.4618423E+03  5.3122429E-17
  5.4627642E+03  5.7885689E-17
  5.4636855E+03  4.3324008E-17
  5.4646074E+03  2.9268482E-17
  5.4655293E+03  3.1294301E-17
  5.4664512E+03  4.4865244E-17
  5.4673730E+03  5.6445025E-17
  5.4682944E+03 -6.9973319E-17
  5.4692163E+03            NaN
  5.4701382E+03            NaN
  5.4710601E+03            NaN
  5.4719819E+03  1.8477653E-17
  5.4729033E+03  3.5074390E-17
  5.4738252E+03  2.4763802E-17
  5.4747471E+03  2.7321493E-17
  5.4756689E+03  2.5368657E-17
  5.4765908E+03  4.8544901E-17
  5.4775122E+03  4.3230431E-17
  5.4784341E+03  1.5349428E-18
  5.4793560E+03 -1.3278412E-17
  5.4802778E+03 -1.8917528E-17
  5.4811992E+03 -2.0433426E-17
  5.4821211E+03 -2.1380147E-17
  5.4830430E+03 -2.0818644E-17
  5.4839648E+03 -1.2108508E-17
  5.4848867E+03 -2.6242646E-17
  5.4858081E+03 -3.2204481E-17
  5.4867300E+03 -2.2134364E-17
  5.4876519E+03 -1.5554979E-17
  5.4885737E+03 -1.0393055E-17
  5.4894956E+03 -2.0669665E-17
  5.4904170E+03 -3.2385037E-17
  5.4913389E+03 -2.3000028E-17
  5.4922607E+03 -1.9077326E-17
  5.4931826E+03 -2.4253395E-17
  5.4941045E+03 -2.7082039E-17
  5.4950259E+03 -5.1727726E-17
  5.4959478E+03  1.5762886E-17
  5.4968696E+03  4.9661151E-17
  5.4977915E+03  1.2175371E-18
  5.4987129E+03 -4.6817033E-18
  5.4996348E+03 -3.8197017E-18
  5.5005566E+03 -1.8166150E-17
  5.5014785E+03 -2.6776841E-17
  5.5024004E+03 -2.8603237E-17
  5.5033218E+03 -1.8227937E-17
  5.5042437E+03 -1.1540387E-17
  5.5051655E+03 -1.4179054E-17
  5.5060874E+03 -1.3520524E-17
  5.5070093E+03 -1.5911302E-17
  5.5079307E+03 -1.4333531E-17
  5.5088525E+03 -1.8419069E-17
  5.5097744E+03 -1.8263539E-17
  5.5106963E+03 -5.0566080E-18
  5.5116182E+03  1.3009698E-18
  5.5125396E+03 -1.1485899E-17
  5.5134614E+03 -2.9649005E-17
  5.5143833E+03 -4.9214196E-17
  5.5153052E+03  5.9624767E-18
  5.5162271E+03  4.2538815E-17
  5.5171484E+03  4.6224507E-17
  5.5180703E+03  3.3706379E-17
  5.5189922E+03  3.6532908E-17
  5.5199141E+03  5.1170494E-17
  5.5208354E+03  5.9453964E-17
  5.5217573E+03  6.0080418E-17
  5.5226792E+03  2.4750753E-17
  5.5236011E+03  2.8943308E-17
  5.5245229E+03  4.2959751E-17
  5.5254443E+03  4.8073620E-17
  5.5263662E+03  4.7155581E-17
  5.5272881E+03  4.7752124E-17
  5.5282100E+03  5.3379676E-17
  5.5291318E+03  5.5027919E-17
  5.5300532E+03  4.6496107E-17
  5.5309751E+03  6.1407235E-17
  5.5318970E+03  5.4547886E-17
  5.5328188E+03  6.9900070E-17
  5.5337407E+03  4.4122224E-17
  5.5346621E+03  5.7056106E-17
  5.5355840E+03  7.1460709E-17
  5.5365059E+03  5.0533536E-17
  5.5374277E+03  4.1510054E-17
  5.5383491E+03  3.5190248E-17
  5.5392710E+03  5.0137763E-17
  5.5401929E+03  7.1285935E-17
  5.5411147E+03  5.9577849E-17
  5.5420366E+03  3.9192711E-17
  5.5429580E+03  6.0328294E-17
  5.5438799E+03  6.1712313E-17
  5.5448018E+03  5.3235402E-17
  5.5457236E+03  2.9370768E-17
  5.5466455E+03  3.8683717E-17
  5.5475669E+03  6.3057652E-17
  5.5484888E+03  6.0524680E-17
  5.5494106E+03  5.1394250E-17
  5.5503325E+03  5.7784283E-17
  5.5512544E+03  7.4061576E-17
  5.5521758E+03  5.6465618E-17
  5.5530977E+03  4.7541101E-17
  5.5540195E+03  5.9600441E-17
  5.5549414E+03  3.3378385E-17
  5.5558633E+03  3.2296539E-17
  5.5567847E+03  5.7012709E-17
  5.5577065E+03  4.4463724E-17
  5.5586284E+03  3.7546092E-17
  5.5595503E+03  3.2345495E-17
  5.5604717E+03  5.4394385E-17
  5.5613936E+03  5.9754786E-17
  5.5623154E+03  3.2478896E-17
  5.5632373E+03  4.7997645E-17
  5.5641592E+03  3.6274603E-17
  5.5650806E+03  4.8506301E-17
  5.5660024E+03  5.1101432E-17
  5.5669243E+03  5.1521530E-17
  5.5678462E+03  3.7088535E-17
  5.5687681E+03  2.3716552E-17
  5.5696895E+03  4.1576321E-17
  5.5706113E+03  5.2324031E-17
  5.5715332E+03  5.4467110E-17
  5.5724551E+03  6.3260040E-17
  5.5733770E+03            NaN
  5.5742983E+03            NaN
  5.5752202E+03            NaN
  5.5761421E+03            NaN
  5.5770640E+03            NaN
  5.5779854E+03            NaN
  5.5789072E+03            NaN
  5.5798291E+03            NaN
  5.5807510E+03            NaN
  5.5816729E+03            NaN
  5.5825942E+03  1.7141404E-16
  5.5835161E+03  5.5770317E-17
  5.5844380E+03  1.5644619E-17
  5.5853599E+03  2.9523135E-17
  5.5862817E+03  2.5444446E-17
  5.5872031E+03  3.4989581E-17
  5.5881250E+03  3.0065097E-17
  5.5890469E+03  5.1957295E-17
  5.5899688E+03 -7.8831490E-17
  5.5908906E+03  9.9163735E-19
  5.5918120E+03  2.8903583E-17
  5.5927339E+03  2.0253888E-17
  5.5936558E+03  1.8306506E-17
  5.5945776E+03  2.1825452E-17
  5.5954995E+03  1.8067683E-17
  5.5964209E+03  3.4447983E-17
  5.5973428E+03  2.6611982E-17
  5.5982646E+03  3.5394555E-17
  5.5991865E+03  2.8173256E-17
  5.6001079E+03  1.9995497E-17
  5.6010298E+03  2.9346489E-17
  5.6019517E+03  3.1258394E-17
  5.6028735E+03  2.7676438E-17
  5.6037954E+03  2.5933672E-17
  5.6047168E+03  2.8473052E-17
  5.6056387E+03  1.9939440E-17
  5.6065605E+03  2.3921878E-17
  5.6074824E+03  3.2166288E-17
  5.6084043E+03  2.9563151E-17
  5.6093257E+03  2.3599575E-17
  5.6102476E+03  1.7782636E-17
  5.6111694E+03  3.2433249E-17
  5.6120913E+03  1.9164015E-17
  5.6130132E+03  1.6156717E-17
  5.6139346E+03  1.0418327E-17
  5.6148564E+03  1.2045907E-17
  5.6157783E+03  1.9278536E-17
  5.6167002E+03  3.1893067E-17
  5.6176221E+03  2.9673000E-17
  5.6185435E+03  2.1503030E-17
  5.6194653E+03  1.2228118E-17
  5.6203872E+03  1.9791851E-17
  5.6213091E+03  1.9972355E-17
  5.6222305E+03  1.7358326E-17
  5.6231523E+03 -2.7078904E-17
  5.6240742E+03  8.5251214E-19
  5.6249961E+03  1.1917919E-17
  5.6259180E+03  1.4335940E-17
  5.6268394E+03  1.8830846E-17
  5.6277612E+03  3.0170096E-17
  5.6286831E+03  1.3164574E-17
  5.6296050E+03 -7.2783027E-18
  5.6305269E+03 -3.3653281E-18
  5.6314482E+03  2.7798893E-18
  5.6323701E+03  1.6366390E-17
  5.6332920E+03  2.1077727E-17
  5.6342139E+03  2.9385816E-17
  5.6351357E+03  2.8157837E-17
  5.6360571E+03  2.2919163E-17
  5.6369790E+03  3.0732771E-17
  5.6379009E+03  3.2328257E-17
  5.6388228E+03  3.0209457E-17
  5.6397441E+03  2.0087678E-17
  5.6406660E+03  2.2510324E-17
  5.6415879E+03  8.8760053E-18
  5.6425098E+03 -1.4240116E-17
  5.6434316E+03 -8.9174636E-18
  5.6443530E+03  1.6508540E-18
  5.6452749E+03  2.0474831E-17
  5.6461968E+03  2.5926792E-17
  5.6471187E+03  2.3730627E-17
  5.6480405E+03  3.0034491E-17
  5.6489619E+03  2.7596792E-17
  5.6498838E+03  2.1255657E-17
  5.6508057E+03  2.3492545E-17
  5.6517275E+03  2.3780463E-17
  5.6526494E+03  8.6542283E-18
  5.6535708E+03  1.1555131E-17
  5.6544927E+03  2.5632440E-17
  5.6554146E+03  3.5503922E-17
  5.6563364E+03  4.3851855E-17
  5.6572583E+03  3.9741793E-17
  5.6581797E+03  2.1086448E-17
  5.6591016E+03  1.2482989E-17
  5.6600234E+03  1.5103491E-17
  5.6609453E+03  1.3261036E-17
  5.6618667E+03  1.8560828E-17
  5.6627886E+03  2.2653062E-17
  5.6637104E+03  2.2929235E-17
  5.6646323E+03  3.0475981E-17
  5.6655542E+03  3.3120332E-17
  5.6664756E+03  3.5286843E-17
  5.6673975E+03  2.9335557E-17
  5.6683193E+03  3.1377144E-17
  5.6692412E+03  3.4304470E-17
  5.6701631E+03  2.6894229E-17
  5.6710845E+03  2.8588487E-17
  5.6720063E+03  3.0214446E-17
  5.6729282E+03  2.3527392E-17
  5.6738501E+03  2.0964641E-17
  5.6747720E+03  2.7451294E-17
  5.6756934E+03  3.1931514E-17
  5.6766152E+03  2.1859306E-17
  5.6775371E+03  1.5219819E-17
  5.6784590E+03  3.1665083E-17
  5.6793804E+03  5.1425461E-17
  5.6803022E+03  3.3285338E-17
  5.6812241E+03  2.1783100E-17
  5.6821460E+03  2.6649384E-17
  5.6830679E+03  4.6509653E-17
  5.6839893E+03  5.5112890E-17
  5.6849111E+03  4.2722529E-17
  5.6858330E+03  3.6391897E-17
  5.6867549E+03  3.6788222E-17
  5.6876768E+03  4.3957986E-17
  5.6885981E+03  4.5374900E-17
  5.6895200E+03  3.7790322E-17
  5.6904419E+03  3.4685761E-17
  5.6913638E+03  3.4130537E-17
  5.6922856E+03  3.2703684E-17
  5.6932070E+03  3.4330914E-17
  5.6941289E+03  3.9786335E-17
  5.6950508E+03  3.5461868E-17
  5.6959727E+03  2.8930099E-17
  5.6968945E+03  1.2869262E-17
  5.6978159E+03  1.2176595E-17
  5.6987378E+03  3.8566112E-17
  5.6996597E+03  4.8210812E-17
  5.7005815E+03  3.4240725E-17
  5.7015029E+03  1.6708281E-17
  5.7024248E+03  1.2324091E-17
  5.7033467E+03  3.0572847E-17
  5.7042686E+03  4.0792081E-17
  5.7051904E+03  3.6493773E-17
  5.7061118E+03  3.5622474E-17
  5.7070337E+03  2.9869896E-17
  5.7079556E+03  2.5161524E-17
  5.7088774E+03  2.4873228E-17
  5.7097993E+03  2.7995743E-17
  5.7107207E+03  3.4145983E-17
  5.7116426E+03  3.2100597E-17
  5.7125645E+03  3.9104077E-17
  5.7134863E+03  3.7906769E-17
  5.7144082E+03  3.6648019E-17
  5.7153296E+03  4.2354056E-17
  5.7162515E+03  3.5439342E-17
  5.7171733E+03  4.1115416E-17
  5.7180952E+03  3.3075591E-17
  5.7190171E+03  4.0034377E-17
  5.7199385E+03  4.6836025E-17
  5.7208604E+03  3.8627098E-17
  5.7217822E+03  3.0671725E-17
  5.7227041E+03  1.5214929E-17
  5.7236255E+03  1.1609943E-17
  5.7245474E+03  1.8635069E-17
  5.7254692E+03  2.1717250E-17
  5.7263911E+03  1.1565950E-17
  5.7273130E+03  2.2358381E-17
  5.7282344E+03  3.3821595E-17
  5.7291562E+03  4.0637034E-17
  5.7300781E+03  3.5662430E-17
  5.7310000E+03  2.7424459E-17
  5.7319219E+03  2.2401388E-17
  5.7328433E+03  2.1246650E-17
  5.7337651E+03  2.8344965E-17
  5.7346870E+03  1.5345696E-17
  5.7356089E+03  1.7033621E-17
  5.7365308E+03  2.3136030E-17
  5.7374521E+03  4.0763130E-17
  5.7383740E+03  2.3017498E-17
  5.7392959E+03  1.0735832E-17
  5.7402178E+03  1.4281121E-17
  5.7411392E+03  1.4249622E-17
  5.7420610E+03  2.1529142E-17
  5.7429829E+03  1.2343017E-17
  5.7439048E+03  1.5238897E-17
  5.7448267E+03  2.4674970E-17
  5.7457480E+03  1.5575434E-17
  5.7466699E+03  1.3829804E-17
  5.7475918E+03  6.4173991E-18
  5.7485137E+03  2.7952306E-17
  5.7494355E+03  1.9824469E-17
  5.7503569E+03  1.4310489E-17
  5.7512788E+03  2.2010912E-17
  5.7522007E+03  1.9657286E-17
  5.7531226E+03  2.7019464E-17
  5.7540444E+03  3.5758356E-18
  5.7549658E+03 -1.0884506E-18
  5.7558877E+03  4.8274393E-18
  5.7568096E+03 -8.2286604E-19
  5.7577314E+03  7.3254321E-18
  5.7586533E+03  2.7841669E-17
  5.7595747E+03  1.4807387E-17
  5.7604966E+03  2.2062766E-17
  5.7614185E+03  1.5686289E-17
  5.7623403E+03  1.9800083E-17
  5.7632617E+03  1.4704915E-17
  5.7641836E+03  1.6475049E-17
  5.7651055E+03  1.6918815E-17
  5.7660273E+03  7.7188458E-18
  5.7669492E+03 -3.0870380E-18
  5.7678706E+03 -1.2997330E-17
  5.7687925E+03 -2.3737327E-17
  5.7697144E+03 -1.1314233E-17
  5.7706362E+03 -1.5037813E-18
  5.7715581E+03  4.5669568E-18
  5.7724795E+03  2.1558888E-17
  5.7734014E+03  1.0448727E-17
  5.7743232E+03  3.3010197E-18
  5.7752451E+03  5.3602296E-18
  5.7761670E+03  1.7802475E-17
  5.7770884E+03  1.1858852E-17
  5.7780103E+03  1.7857374E-18
  5.7789321E+03  4.2914726E-18
  5.7798540E+03  8.3154746E-18
  5.7807754E+03  4.2279319E-18
  5.7816973E+03  8.5880538E-19
  5.7826191E+03 -3.6785516E-18
  5.7835410E+03  2.0122326E-18
  5.7844629E+03  1.5061596E-17
  5.7853843E+03 -5.4198859E-19
  5.7863062E+03 -6.9762759E-18
  5.7872280E+03  7.9494108E-18
  5.7881499E+03  1.0788149E-17
  5.7890718E+03  1.3355063E-17
  5.7899932E+03  2.7105718E-17
  5.7909150E+03  4.4945686E-18
  5.7918369E+03 -1.1372010E-17
  5.7927588E+03 -2.4978538E-18
  5.7936807E+03 -7.8479058E-18
  5.7946021E+03 -5.1823990E-18
  5.7955239E+03 -5.0545301E-18
  5.7964458E+03  4.6904449E-20
  5.7973677E+03  1.1359387E-17
  5.7982896E+03 -4.8767525E-18
  5.7992109E+03 -5.3410126E-18
  5.8001328E+03 -1.3329672E-17
  5.8010547E+03 -1.5377400E-17
  5.8019766E+03 -9.3097457E-18
  5.8028979E+03 -9.8946286E-18
  5.8038198E+03 -1.0772419E-17
  5.8047417E+03 -7.5898354E-18
  5.8056636E+03 -3.3450586E-18
  5.8065854E+03 -1.4139356E-17
  5.8075068E+03 -1.0795971E-17
  5.8084287E+03 -9.7439725E-18
  5.8093506E+03 -9.0471457E-18
  5.8102725E+03 -9.9113575E-18
  5.8111943E+03 -8.3007475E-18
  5.8121157E+03 -3.1560838E-17
  5.8130376E+03 -3.2991665E-17
  5.8139595E+03 -1.4807774E-17
  5.8148813E+03 -1.1096132E-19
  5.8158032E+03 -6.2414748E-18
  5.8167246E+03 -6.9254671E-18
  5.8176465E+03 -1.0240741E-17
  5.8185684E+03 -1.1936904E-17
  5.8194902E+03 -8.6357491E-18
  5.8204116E+03  1.1678599E-18
  5.8213335E+03  3.2005074E-18
  5.8222554E+03  8.7028731E-18
  5.8231772E+03  6.1768554E-19
  5.8240991E+03  9.4618874E-19
  5.8250205E+03 -6.2810603E-18
  5.8259424E+03 -1.6458231E-17
  5.8268643E+03 -1.6152362E-17
  5.8277861E+03 -4.9778538E-18
  5.8287080E+03  5.1015074E-18
  5.8296294E+03 -8.0434944E-18
  5.8305513E+03 -1.4131716E-17
  5.8314731E+03 -2.9917138E-18
  5.8323950E+03  1.4960058E-19
  5.8333169E+03 -1.9866099E-18
  5.8342383E+03  6.6135278E-18
  5.8351602E+03  1.6943921E-17
  5.8360820E+03  1.4473642E-17
  5.8370039E+03 -1.7304355E-18
  5.8379258E+03  4.0352319E-18
  5.8388472E+03  1.1966504E-17
  5.8397690E+03 -5.1116321E-18
  5.8406909E+03  8.1422829E-18
  5.8416128E+03 -1.5604709E-17
  5.8425342E+03 -2.0271269E-17
  5.8434561E+03 -3.0117778E-18
  5.8443779E+03  1.7093747E-17
  5.8452998E+03  1.4058160E-17
  5.8462217E+03 -7.6247722E-18
  5.8471431E+03  6.8321678E-18
  5.8480649E+03  1.9593328E-18
  5.8489868E+03  5.8712353E-18
  5.8499087E+03  4.9956680E-18
  5.8508306E+03  4.7431992E-18
  5.8517520E+03  1.3284222E-17
  5.8526738E+03  2.0290112E-17
  5.8535957E+03  2.0963973E-17
  5.8545176E+03  8.3335469E-18
  5.8554395E+03  1.4221107E-17
  5.8563608E+03  3.5731622E-18
  5.8572827E+03 -5.9366223E-18
  5.8582046E+03 -5.5011349E-18
  5.8591265E+03  2.2853300E-17
  5.8600483E+03  2.0970696E-17
  5.8609697E+03  2.3418542E-17
  5.8618916E+03  3.1214203E-17
  5.8628135E+03  2.4229411E-17
  5.8637354E+03  1.3068229E-17
  5.8646567E+03  1.3496292E-17
  5.8655786E+03  3.0320888E-17
  5.8665005E+03  1.2582231E-17
  5.8674224E+03  1.6083323E-17
  5.8683442E+03  1.8727223E-17
  5.8692656E+03  6.9164144E-18
  5.8701875E+03  1.6391305E-17
  5.8711094E+03  2.3621539E-17
  5.8720312E+03  3.0846167E-17
  5.8729531E+03  2.1435730E-17
  5.8738745E+03  2.7529974E-17
  5.8747964E+03  2.9255539E-17
  5.8757183E+03  2.5373228E-17
  5.8766401E+03  4.1339364E-17
  5.8775620E+03  2.6709885E-17
  5.8784834E+03  2.7945609E-17
  5.8794053E+03  4.0445459E-17
  5.8803271E+03  3.5210723E-17
  5.8812490E+03  3.4962721E-17
  5.8821704E+03  3.0662328E-17
  5.8830923E+03  2.1258978E-17
  5.8840142E+03  3.6619550E-17
  5.8849360E+03  2.6076915E-17
  5.8858579E+03  2.7025764E-17
  5.8867793E+03  2.5010481E-17
  5.8877012E+03  3.2351113E-17
  5.8886230E+03 -1.2041632E-18
  5.8895449E+03  1.0867267E-17
  5.8904668E+03  3.0609170E-17
  5.8913882E+03  8.5159038E-17
  5.8923101E+03  3.4930428E-17
  5.8932319E+03  2.0216202E-17
  5.8941538E+03  4.8158270E-17
  5.8950757E+03  5.0601517E-17
  5.8959971E+03  5.7884551E-17
  5.8969189E+03  5.0376431E-17
  5.8978408E+03  4.0471069E-17
  5.8987627E+03  4.3868306E-17
  5.8996846E+03  5.8234329E-17
  5.9006060E+03  4.1184787E-17
  5.9015278E+03  4.8422524E-17
  5.9024497E+03  3.3220870E-17
  5.9033716E+03  2.4044129E-17
  5.9042930E+03  4.6977863E-17
  5.9052148E+03  6.1431912E-17
  5.9061367E+03  6.7073436E-17
  5.9070586E+03  3.4010404E-17
  5.9079805E+03  3.7917397E-17
  5.9089019E+03  3.7676965E-17
  5.9098237E+03  3.7534095E-17
  5.9107456E+03  5.2521350E-17
  5.9116675E+03  5.3494075E-17
  5.9125894E+03  4.8383104E-17
  5.9135107E+03  5.6661693E-17
  5.9144326E+03  5.6722700E-17
  5.9153545E+03  5.5213032E-17
  5.9162764E+03  5.1547768E-17
  5.9171982E+03  5.4685913E-17
  5.9181196E+03  4.7364011E-17
  5.9190415E+03  5.1851486E-17
  5.9199634E+03  5.5597039E-17
  5.9208853E+03  3.4395474E-17
  5.9218066E+03  3.7341580E-17
  5.9227285E+03  4.9664811E-17
  5.9236504E+03  5.0911693E-17
  5.9245723E+03  5.1826909E-17
  5.9254941E+03  2.6563795E-17
  5.9264155E+03  3.2479975E-17
  5.9273374E+03  3.8677768E-17
  5.9282593E+03  5.9034398E-17
  5.9291812E+03  5.6858331E-17
  5.9301030E+03  6.1491766E-17
  5.9310244E+03  5.5379441E-17
  5.9319463E+03  3.8825482E-17
  5.9328682E+03  5.0504330E-17
  5.9337900E+03  5.6628183E-17
  5.9347119E+03  5.5608719E-17
  5.9356333E+03  6.2757253E-17
  5.9365552E+03  4.3489080E-17
  5.9374771E+03  2.8886153E-17
  5.9383989E+03  4.6967917E-17
  5.9393208E+03  4.6106088E-17
  5.9402422E+03  3.6716939E-17
  5.9411641E+03  5.5179409E-17
  5.9420859E+03  5.2257810E-17
  5.9430078E+03  3.7389139E-17
  5.9439292E+03  4.2907652E-17
  5.9448511E+03  2.7300520E-17
  5.9457729E+03  3.4127143E-17
  5.9466948E+03  3.7667999E-17
  5.9476167E+03  4.7017588E-17
  5.9485381E+03  4.0543821E-17
  5.9494600E+03  3.6149732E-17
  5.9503818E+03  4.2069771E-17
  5.9513037E+03  3.5002842E-17
  5.9522256E+03  2.8222112E-17
  5.9531470E+03  3.2297346E-17
  5.9540688E+03  3.4363458E-17
  5.9549907E+03  5.2035805E-17
  5.9559126E+03  3.9207038E-17
  5.9568345E+03  3.3531394E-17
  5.9577559E+03  3.6993939E-17
  5.9586777E+03  3.3514864E-17
  5.9595996E+03  3.2157884E-17
  5.9605215E+03  5.4831477E-17
  5.9614434E+03  5.4733317E-17
  5.9623647E+03  5.3198986E-17
  5.9632866E+03  3.6983980E-17
  5.9642085E+03  2.9971930E-17
  5.9651304E+03  3.4582992E-17
  5.9660518E+03  3.6286898E-17
  5.9669736E+03  3.7460250E-17
  5.9678955E+03  4.5600303E-17
  5.9688174E+03  4.4274194E-17
  5.9697393E+03  3.5850332E-17
  5.9706606E+03  3.1034361E-17
  5.9715825E+03  3.4124396E-17
  5.9725044E+03  2.9938181E-17
  5.9734263E+03  3.5556445E-17
  5.9743481E+03  4.3053315E-17
  5.9752695E+03  3.7453481E-17
  5.9761914E+03  2.3785612E-17
  5.9771133E+03  1.9949949E-17
  5.9780352E+03  2.7130894E-17
  5.9789570E+03  2.8387191E-17
  5.9798784E+03  2.2764791E-17
  5.9808003E+03  2.6564338E-17
  5.9817222E+03  3.1426431E-17
  5.9826440E+03  3.1295717E-17
  5.9835654E+03  3.1878528E-17
  5.9844873E+03  2.9049677E-17
  5.9854092E+03  2.7946026E-17
  5.9863311E+03  3.3999062E-17
  5.9872529E+03  3.4758057E-17
  5.9881743E+03  3.0475008E-17
  5.9890962E+03  2.6409086E-17
  5.9900181E+03  1.9195487E-17
  5.9909399E+03  1.7717726E-17
  5.9918618E+03  1.4378669E-17
  5.9927832E+03  2.6626461E-17
  5.9937051E+03  3.3391508E-17
  5.9946270E+03  4.3629469E-17
  5.9955488E+03  3.4885059E-17
  5.9964707E+03  1.6458009E-17
  5.9973921E+03  1.7169742E-17
  5.9983140E+03  2.9690139E-17
  5.9992358E+03  2.9050530E-17
  6.0001577E+03  3.5477585E-17
  6.0010796E+03  2.4047821E-17
  6.0020010E+03  3.2887325E-17
  6.0029229E+03  4.0484535E-17
  6.0038447E+03  3.1107656E-17
  6.0047666E+03  3.0510041E-17
  6.0056880E+03  3.6308815E-17
  6.0066099E+03  3.4178507E-17
  6.0075317E+03  2.3478602E-17
  6.0084536E+03  2.9789328E-17
  6.0093755E+03  4.1631987E-17
  6.0102969E+03  3.7932399E-17
  6.0112188E+03  2.4725335E-17
  6.0121406E+03  3.0919925E-17
  6.0130625E+03  3.1135416E-17
  6.0139844E+03  3.0879374E-17
  6.0149058E+03  2.2819140E-17
  6.0158276E+03  2.7812221E-17
  6.0167495E+03  4.0273035E-17
  6.0176714E+03  3.6575584E-17
  6.0185933E+03  3.2857209E-17
  6.0195146E+03  1.9396472E-17
  6.0204365E+03  1.1501470E-17
  6.0213584E+03  1.9569386E-17
  6.0222803E+03  2.4027572E-17
  6.0232017E+03  2.2737786E-17
  6.0241235E+03  2.2431040E-17
  6.0250454E+03  2.0753578E-17
  6.0259673E+03  2.7824496E-17
  6.0268892E+03  3.4397373E-17
  6.0278105E+03  3.1436000E-17
  6.0287324E+03  2.9831031E-17
  6.0296543E+03  2.5680294E-17
  6.0305762E+03  1.5836962E-17
  6.0314980E+03  1.8660692E-17
  6.0324194E+03  1.3646462E-17
  6.0333413E+03  7.4480931E-18
  6.0342632E+03  1.6083422E-17
  6.0351851E+03  2.2738791E-17
  6.0361069E+03  2.7470814E-17
  6.0370283E+03  2.5642573E-17
  6.0379502E+03  2.7589901E-17
  6.0388721E+03  2.5640989E-17
  6.0397939E+03  1.8498789E-17
  6.0407158E+03  2.5723764E-17
  6.0416372E+03  3.3486339E-17
  6.0425591E+03  3.7014923E-17
  6.0434810E+03  2.3697332E-17
  6.0444028E+03  8.9957778E-18
  6.0453242E+03  2.3146797E-18
  6.0462461E+03  1.2655896E-17
  6.0471680E+03  2.3014626E-17
  6.0480898E+03  2.4619823E-17
  6.0490117E+03  2.9292715E-17
  6.0499331E+03  2.2210514E-17
  6.0508550E+03  2.3373679E-17
  6.0517769E+03  2.2054521E-17
  6.0526987E+03  2.1852613E-17
  6.0536206E+03  2.8869351E-17
  6.0545420E+03  2.9154947E-17
  6.0554639E+03  2.0281618E-17
  6.0563857E+03  1.1369667E-17
  6.0573076E+03  6.6555089E-18
  6.0582295E+03  2.1857149E-17
  6.0591509E+03  3.2533394E-17
  6.0600728E+03  2.1226371E-17
  6.0609946E+03  2.0042944E-17
  6.0619165E+03  2.1339764E-17
  6.0628379E+03  1.9918046E-17
  6.0637598E+03  2.8263812E-17
  6.0646816E+03  3.1450393E-17
  6.0656035E+03  2.3394203E-17
  6.0665254E+03  2.2597439E-17
  6.0674468E+03  2.3504804E-17
  6.0683687E+03  2.4576446E-17
  6.0692905E+03  2.1763016E-17
  6.0702124E+03  2.6592874E-17
  6.0711343E+03  3.0177895E-17
  6.0720557E+03  1.6324949E-17
  6.0729775E+03  6.6336576E-19
  6.0738994E+03  1.2692944E-17
  6.0748213E+03  2.3860458E-17
  6.0757432E+03  1.5582329E-17
  6.0766646E+03  1.6855251E-17
  6.0775864E+03  1.9826116E-17
  6.0785083E+03  1.8887984E-17
  6.0794302E+03  1.8071971E-17
  6.0803521E+03  1.8645194E-17
  6.0812734E+03  1.9226860E-17
  6.0821953E+03  1.5149413E-17
  6.0831172E+03  1.6915655E-17
  6.0840391E+03  1.1347561E-17
  6.0849604E+03 -3.3718860E-19
  6.0858823E+03  9.6321080E-18
  6.0868042E+03  3.0113461E-17
  6.0877261E+03  2.5190584E-17
  6.0886479E+03  1.1996111E-17
  6.0895693E+03  9.5491186E-18
  6.0904912E+03  1.5686749E-17
  6.0914131E+03  2.2924060E-17
  6.0923350E+03  2.1907766E-17
  6.0932568E+03  1.6660407E-17
  6.0941782E+03  1.1023859E-17
  6.0951001E+03  1.3219541E-17
  6.0960220E+03  1.6361771E-17
  6.0969438E+03  1.4824029E-17
  6.0978657E+03  1.6165845E-17
  6.0987871E+03  1.4909153E-17
  6.0997090E+03  6.9661015E-18
  6.1006309E+03  6.0851641E-18
  6.1015527E+03  1.5430091E-17
  6.1024746E+03  1.7662999E-17
  6.1033960E+03  9.9923484E-18
  6.1043179E+03  1.0652260E-17
  6.1052397E+03  1.8398108E-17
  6.1061616E+03  2.3017660E-17
  6.1070830E+03  2.4382733E-17
  6.1080049E+03  1.7217586E-17
  6.1089268E+03  6.9888126E-18
  6.1098486E+03  9.6110446E-19
  6.1107705E+03  9.3036676E-18
  6.1116919E+03  1.6951273E-17
  6.1126138E+03  8.1374588E-18
  6.1135356E+03  9.0513411E-19
  6.1144575E+03  2.1445683E-18
  6.1153794E+03  7.0288051E-18
  6.1163008E+03  9.1096408E-18
  6.1172227E+03  1.4900716E-17
  6.1181445E+03  1.7507304E-17
  6.1190664E+03  1.4250615E-17
  6.1199883E+03  6.5398152E-18
  6.1209097E+03  2.0123617E-18
  6.1218315E+03  1.1644377E-17
  6.1227534E+03  2.6171239E-17
  6.1236753E+03  2.5848355E-17
  6.1245967E+03  2.3190326E-17
  6.1255186E+03  1.5971848E-17
  6.1264404E+03  1.4565565E-17
  6.1273623E+03  1.7369244E-17
  6.1282842E+03  1.8069698E-17
  6.1292056E+03  1.5956701E-17
  6.1301274E+03  2.0335153E-17
  6.1310493E+03  2.3475836E-17
  6.1319712E+03  1.5928782E-17
  6.1328931E+03  1.5541642E-17
  6.1338145E+03  2.7571051E-17
  6.1347363E+03  3.4353234E-17
  6.1356582E+03  2.7493321E-17
  6.1365801E+03  2.0437393E-17
  6.1375020E+03  2.0387031E-17
  6.1384233E+03  2.6706418E-17
  6.1393452E+03  1.6719722E-17
  6.1402671E+03  8.1422266E-18
  6.1411890E+03  1.3743857E-17
  6.1421108E+03  1.4965749E-17
  6.1430322E+03  7.9376185E-18
  6.1439541E+03  8.2221124E-18
  6.1448760E+03  1.3950914E-17
  6.1457979E+03  2.0746338E-17
  6.1467192E+03  3.2063254E-17
  6.1476411E+03  3.7452594E-17
  6.1485630E+03  2.5204521E-17
  6.1494849E+03  1.3283985E-17
  6.1504067E+03  2.0090910E-17
  6.1513281E+03  3.2495466E-17
  6.1522500E+03  3.5369690E-17
  6.1531719E+03  3.4153543E-17
  6.1540938E+03  3.1670158E-17
  6.1550156E+03  2.1432875E-17
  6.1559370E+03  1.7059253E-17
  6.1568589E+03  1.6181777E-17
  6.1577808E+03  2.1974060E-17
  6.1587026E+03  2.6675271E-17
  6.1596245E+03  2.4186678E-17
  6.1605459E+03  2.7143829E-17
  6.1614678E+03  1.9732169E-17
  6.1623896E+03  1.8435632E-17
  6.1633115E+03  2.1336439E-17
  6.1642329E+03  5.5199384E-18
  6.1651548E+03  1.2372673E-17
  6.1660767E+03  2.5883328E-17
  6.1669985E+03  3.8090698E-17
  6.1679204E+03  3.7543270E-17
  6.1688418E+03  3.0395572E-17
  6.1697637E+03  3.1301871E-17
  6.1706855E+03  3.1508729E-17
  6.1716074E+03  3.0505736E-17
  6.1725293E+03  3.0485020E-17
  6.1734507E+03  2.2536192E-17
  6.1743726E+03  1.5915034E-17
  6.1752944E+03  3.9067277E-18
  6.1762163E+03  1.9056415E-17
  6.1771382E+03  2.5016911E-17
  6.1780596E+03  1.9843573E-17
  6.1789814E+03  2.1681625E-17
  6.1799033E+03  2.0283647E-17
  6.1808252E+03  2.6702310E-17
  6.1817471E+03  1.8529028E-17
  6.1826685E+03  2.1839941E-17
  6.1835903E+03  1.9827900E-17
  6.1845122E+03  2.0044492E-17
  6.1854341E+03  2.4225589E-17
  6.1863555E+03  2.4703855E-17
  6.1872773E+03  8.3038379E-18
  6.1881992E+03  1.2002540E-17
  6.1891211E+03  1.1119432E-17
  6.1900430E+03  7.1516282E-18
  6.1909644E+03  1.2656984E-17
  6.1918862E+03  1.4475241E-17
  6.1928081E+03  1.5885150E-17
  6.1937300E+03  2.1213659E-17
  6.1946519E+03  1.7034379E-17
  6.1955732E+03  2.8076958E-17
  6.1964951E+03  2.1517595E-17
  6.1974170E+03  1.6243041E-17
  6.1983389E+03  2.2215083E-17
  6.1992607E+03  2.0512994E-17
  6.2001821E+03  1.9219330E-17
  6.2011040E+03  1.6538980E-17
  6.2020259E+03  2.0611306E-17
  6.2029478E+03  1.9198187E-17
  6.2038691E+03  1.3823056E-17
  6.2047910E+03  1.4057898E-17
  6.2057129E+03  1.1079624E-17
  6.2066348E+03  8.5871373E-18
  6.2075566E+03  1.0838567E-17
  6.2084780E+03  1.8444811E-17
  6.2093999E+03  1.2686095E-17
  6.2103218E+03  1.2575682E-17
  6.2112437E+03  1.1141034E-17
  6.2121655E+03  2.3203971E-17
  6.2130869E+03  2.8818337E-17
  6.2140088E+03  2.2728379E-17
  6.2149307E+03  1.7128402E-17
  6.2158525E+03  1.2175781E-17
  6.2167744E+03  1.2524146E-17
  6.2176958E+03  5.8814163E-18
  6.2186177E+03  1.2888388E-17
  6.2195396E+03  2.5214760E-17
  6.2204614E+03  2.9831743E-17
  6.2213833E+03  1.5705318E-17
  6.2223047E+03  1.7575004E-17
  6.2232266E+03  2.9409017E-17
  6.2241484E+03  2.3654222E-17
  6.2250703E+03  9.6705123E-18
  6.2259917E+03  1.6779865E-17
  6.2269136E+03  1.9292737E-17
  6.2278354E+03  1.3065370E-17
  6.2287573E+03  7.6332988E-18
  6.2296792E+03  6.3397835E-18
  6.2306006E+03  9.3834773E-18
  6.2315225E+03  1.3765291E-17
  6.2324443E+03  1.5044890E-17
  6.2333662E+03  1.5410643E-17
  6.2342881E+03  1.3351443E-17
  6.2352095E+03  1.5413068E-17
  6.2361313E+03  3.0627342E-17
  6.2370532E+03  3.5498625E-17
  6.2379751E+03  2.4391809E-17
  6.2388970E+03  1.5670490E-17
  6.2398184E+03  2.2263368E-17
  6.2407402E+03  2.4573567E-17
  6.2416621E+03  2.2801121E-17
  6.2425840E+03  3.4951915E-17
  6.2435059E+03  2.4740334E-17
  6.2444272E+03  1.9691087E-17
  6.2453491E+03  2.5168500E-17
  6.2462710E+03  1.7928101E-17
  6.2471929E+03  1.5628559E-17
  6.2481143E+03  2.1816885E-17
  6.2490361E+03  1.9912610E-17
  6.2499580E+03  1.6475446E-17
  6.2508799E+03  1.8612226E-17
  6.2518018E+03  2.3769720E-17
  6.2527231E+03  1.2640666E-17
  6.2536450E+03  1.7353925E-17
  6.2545669E+03  2.2747235E-17
  6.2554888E+03  1.8177370E-17
  6.2564106E+03  3.8223057E-18
  6.2573320E+03 -1.3025405E-17
  6.2582539E+03 -3.4912448E-18
  6.2591758E+03  1.5678077E-17
  6.2600977E+03  2.7683111E-17
  6.2610195E+03  2.2963255E-17
  6.2619409E+03  1.0839143E-17
  6.2628628E+03  2.4557202E-17
  6.2637847E+03  4.2596523E-17
  6.2647065E+03  4.0564064E-17
  6.2656279E+03  3.2998458E-17
  6.2665498E+03  2.7069236E-17
  6.2674717E+03  2.3909407E-17
  6.2683936E+03  1.7566610E-17
  6.2693154E+03  5.7858306E-18
  6.2702368E+03  1.3000507E-17
  6.2711587E+03  1.5150908E-17
  6.2720806E+03  1.3944131E-17
  6.2730024E+03  1.6448943E-17
  6.2739243E+03  2.1713809E-17
  6.2748457E+03  1.9831582E-17
  6.2757676E+03  2.2445854E-17
  6.2766895E+03  2.7644164E-17
  6.2776113E+03  2.4779833E-17
  6.2785332E+03  2.1859105E-17
  6.2794546E+03  2.0382144E-17
  6.2803765E+03  1.2614303E-17
  6.2812983E+03  8.4254500E-18
  6.2822202E+03  1.3867634E-17
  6.2831421E+03  2.4915219E-17
  6.2840635E+03  3.1680908E-17
  6.2849854E+03  3.3579020E-17
  6.2859072E+03  2.3715271E-17
  6.2868291E+03  1.2857255E-17
  6.2877505E+03  5.8954717E-18
  6.2886724E+03  8.2634748E-18
  6.2895942E+03  1.7262902E-17
  6.2905161E+03  2.3172667E-17
  6.2914380E+03  1.4039611E-17
  6.2923594E+03  1.9374724E-17
  6.2932812E+03  3.2477745E-17
  6.2942031E+03  2.9981138E-17
  6.2951250E+03  2.2937007E-17
  6.2960469E+03  1.3417598E-17
  6.2969683E+03  5.5156933E-18
  6.2978901E+03 -5.2875529E-17
  6.2988120E+03            NaN
  6.2997339E+03            NaN
  6.3006558E+03            NaN
  6.3015771E+03            NaN
  6.3024990E+03            NaN
  6.3034209E+03            NaN
  6.3043428E+03            NaN
  6.3052642E+03            NaN
  6.3061860E+03  8.4604602E-17
  6.3071079E+03  5.4680189E-17
  6.3080298E+03  2.7424579E-17
  6.3089517E+03  1.7844618E-17
  6.3098730E+03  1.4761670E-17
  6.3107949E+03  1.6515637E-17
  6.3117168E+03  2.4519460E-17
  6.3126387E+03  2.2018072E-17
  6.3135605E+03  1.5161873E-17
  6.3144819E+03  1.8681566E-17
  6.3154038E+03  1.9177640E-17
  6.3163257E+03  1.5131363E-17
  6.3172476E+03  1.3638451E-17
  6.3181694E+03  1.5987320E-17
  6.3190908E+03  1.8892765E-17
  6.3200127E+03  8.9928760E-18
  6.3209346E+03  8.2236179E-18
  6.3218564E+03  1.6017469E-17
  6.3227783E+03  9.5151909E-18
  6.3236997E+03  1.4403411E-17
  6.3246216E+03  2.5369798E-17
  6.3255435E+03  2.7883560E-17
  6.3264653E+03  2.4271120E-17
  6.3273867E+03  2.4734626E-17
  6.3283086E+03  1.2796345E-17
  6.3292305E+03  7.6605163E-18
  6.3301523E+03  1.4043985E-17
  6.3310742E+03  2.7888937E-17
  6.3319956E+03  3.0052292E-17
  6.3329175E+03  1.7267624E-17
  6.3338394E+03  1.4515183E-17
  6.3347612E+03  1.8133248E-17
  6.3356831E+03  1.3858634E-17
  6.3366045E+03  1.6602322E-17
  6.3375264E+03  1.8691347E-17
  6.3384482E+03  1.8581825E-17
  6.3393701E+03  1.3352066E-17
  6.3402920E+03  1.5186318E-17
  6.3412134E+03  1.1204879E-17
  6.3421353E+03  9.6313800E-18
  6.3430571E+03  1.6108224E-17
  6.3439790E+03  2.1991798E-17
  6.3449009E+03  2.3525546E-17
  6.3458223E+03  2.7527581E-17
  6.3467441E+03  1.3370501E-17
  6.3476660E+03  2.2255582E-17
  6.3485879E+03  3.3026863E-17
  6.3495093E+03  2.6960452E-17
  6.3504312E+03  1.8982286E-17
  6.3513530E+03  1.2775851E-17
  6.3522749E+03  1.6900488E-17
  6.3531968E+03  3.0758784E-17
  6.3541182E+03  3.1213932E-17
  6.3550400E+03  2.3751783E-17
  6.3559619E+03  7.9005575E-18
  6.3568838E+03  4.9992844E-18
  6.3578057E+03  2.1729267E-17
  6.3587271E+03  3.2651836E-17
  6.3596489E+03  3.3585713E-17
  6.3605708E+03  2.3179794E-17
  6.3614927E+03  8.6728762E-18
  6.3624146E+03            NaN
  6.3633359E+03            NaN
  6.3642578E+03            NaN
  6.3651797E+03            NaN
  6.3661016E+03  8.2419674E-17
  6.3670229E+03  1.5950206E-17
  6.3679448E+03  9.1155304E-19
  6.3688667E+03  1.6170680E-17
  6.3697886E+03  1.5680532E-17
  6.3707104E+03  1.3390740E-17
  6.3716318E+03  1.5696199E-17
  6.3725537E+03  1.2915025E-17
  6.3734756E+03  9.2197617E-18
  6.3743975E+03  8.2304835E-18
  6.3753193E+03  1.8695291E-17
  6.3762407E+03  3.3165241E-17
  6.3771626E+03  1.3430157E-17
  6.3780845E+03 -9.4550384E-19
  6.3790063E+03  2.5816969E-18
  6.3799282E+03  7.3893930E-18
  6.3808496E+03  4.9329644E-18
  6.3817715E+03  1.3293203E-17
  6.3826934E+03  2.2584337E-17
  6.3836152E+03  1.3107150E-17
  6.3845371E+03 -2.2810266E-18
  6.3854585E+03  6.4124365E-18
  6.3863804E+03  2.4477370E-17
  6.3873022E+03  2.5720086E-17
  6.3882241E+03  3.1337797E-17
  6.3891455E+03  2.0773840E-17
  6.3900674E+03  1.6462787E-17
  6.3909893E+03  1.4416683E-17
  6.3919111E+03 -3.4675612E-18
  6.3928330E+03  4.8461303E-18
  6.3937544E+03  1.0480713E-17
  6.3946763E+03  2.8465436E-18
  6.3955981E+03  1.1222098E-17
  6.3965200E+03  2.2661347E-17
  6.3974419E+03  1.5720869E-17
  6.3983633E+03  9.3434881E-18
  6.3992852E+03  7.7541234E-19
  6.4002070E+03  3.8852078E-18
  6.4011289E+03  1.6283679E-17
  6.4020508E+03  1.7544418E-17
  6.4029722E+03  1.3953356E-17
  6.4038940E+03  1.2950135E-17
  6.4048159E+03  9.6233961E-18
  6.4057378E+03  8.7046830E-18
  6.4066592E+03  1.5494645E-17
  6.4075811E+03  1.2701616E-17
  6.4085029E+03  5.6719576E-18
  6.4094248E+03  6.6051302E-18
  6.4103467E+03  4.7405919E-18
  6.4112681E+03  5.3914309E-18
  6.4121899E+03  9.6221222E-18
  6.4131118E+03  1.2865930E-17
  6.4140337E+03  1.1677312E-17
  6.4149556E+03  3.0053788E-18
  6.4158770E+03  7.7018886E-18
  6.4167988E+03  1.3845224E-17
  6.4177207E+03  1.3035390E-17
  6.4186426E+03  7.9150564E-18
  6.4195645E+03  1.1012752E-19
  6.4204858E+03 -8.7610007E-19
  6.4214077E+03  3.0580404E-18
  6.4223296E+03  1.1901547E-17
  6.4232515E+03  1.7679159E-17
  6.4241733E+03  1.6259684E-17
  6.4250947E+03  1.2632481E-17
  6.4260166E+03  7.3151784E-18
  6.4269385E+03  7.0440650E-18
  6.4278604E+03  7.3847045E-18
  6.4287817E+03  3.0183721E-18
  6.4297036E+03  7.2074530E-18
  6.4306255E+03  1.0711638E-17
  6.4315474E+03  5.5288884E-18
  6.4324692E+03  2.6350335E-18
  6.4333906E+03  5.4577972E-18
  6.4343125E+03  8.8160546E-18
  6.4352344E+03  8.0765452E-18
  6.4361562E+03  6.2331765E-18
  6.4370781E+03  1.6844471E-17
  6.4379995E+03  3.7889273E-18
  6.4389214E+03 -3.2296142E-18
  6.4398433E+03  6.6434378E-18
  6.4407651E+03  5.9257068E-18
  6.4416870E+03  3.0946911E-18
  6.4426084E+03  8.4061138E-18
  6.4435303E+03  7.3136332E-18
  6.4444521E+03  8.4256220E-18
  6.4453740E+03  1.6878468E-17
  6.4462954E+03  1.1234668E-17
  6.4472173E+03 -1.8505056E-18
  6.4481392E+03 -6.7644713E-18
  6.4490610E+03 -1.2983592E-18
  6.4499829E+03  7.4564641E-18
  6.4509043E+03  7.0058525E-18
  6.4518262E+03  1.2992838E-17
  6.4527480E+03  8.9661614E-18
  6.4536699E+03 -1.7888277E-18
  6.4545918E+03  3.0387373E-18
  6.4555132E+03  9.1284741E-18
  6.4564351E+03  1.2204795E-17
  6.4573569E+03  1.2296123E-17
  6.4582788E+03  3.0238679E-18
  6.4592007E+03  9.8906416E-18
  6.4601221E+03  5.3886876E-17
  6.4610439E+03  1.7686478E-18
  6.4619658E+03 -4.2669827E-17
  6.4628877E+03  5.7606512E-18
  6.4638096E+03 -6.7514618E-18
  6.4647310E+03 -1.9744139E-18
  6.4656528E+03  8.5616965E-18
  6.4665747E+03  1.2120674E-17
  6.4674966E+03  1.9233011E-17
  6.4684180E+03  2.0207625E-17
  6.4693398E+03  2.4404101E-17
  6.4702617E+03  2.8013176E-17
  6.4711836E+03  2.1788755E-17
  6.4721055E+03  3.6213888E-17
  6.4730269E+03  3.9281173E-17
  6.4739487E+03  8.7276819E-18
  6.4748706E+03  8.4701304E-19
  6.4757925E+03 -5.2254621E-18
  6.4767144E+03 -3.8199267E-18
  6.4776357E+03  1.6003486E-17
  6.4785576E+03  2.1746562E-17
  6.4794795E+03  1.4460239E-17
  6.4804014E+03  1.5811174E-17
  6.4813232E+03  1.4229710E-17
  6.4822446E+03  1.1620538E-17
  6.4831665E+03  6.4819862E-18
  6.4840884E+03  9.8440250E-18
  6.4850103E+03  1.1605854E-17
  6.4859321E+03  4.7174276E-18
  6.4868535E+03  6.7466704E-18
  6.4877754E+03  6.4476413E-18
  6.4886973E+03  3.1708877E-18
  6.4896191E+03  9.6313172E-18
  6.4905405E+03  1.7196595E-17
  6.4914624E+03  1.7097949E-17
  6.4923843E+03  1.6941413E-17
  6.4933062E+03  2.5500967E-17
  6.4942280E+03  3.2994352E-17
  6.4951494E+03  1.8101925E-17
  6.4960713E+03  1.0373920E-17
  6.4969932E+03  1.3235319E-17
  6.4979150E+03  1.2365361E-17
  6.4988369E+03  1.4262281E-17
  6.4997583E+03  1.7458246E-17
  6.5006802E+03  2.6526777E-17
  6.5016021E+03  2.1156808E-17
  6.5025239E+03  2.8546926E-17
  6.5034458E+03  4.3046648E-17
  6.5043672E+03  3.9350610E-17
  6.5052891E+03  3.2042522E-17
  6.5062109E+03  2.8854935E-17
  6.5071328E+03  2.8359176E-17
  6.5080542E+03  3.0693810E-17
  6.5089761E+03  3.0432613E-17
  6.5098979E+03            NaN
  6.5108198E+03            NaN
  6.5117417E+03            NaN
  6.5126631E+03  2.4434055E-18
  6.5135850E+03  3.1453831E-17
  6.5145068E+03  3.3144462E-17
  6.5154287E+03  3.0077032E-17
  6.5163506E+03  3.1454383E-17
  6.5172720E+03  3.6800412E-17
  6.5181938E+03  3.6893615E-17
  6.5191157E+03  4.3785631E-17
  6.5200376E+03  4.1677326E-17
  6.5209595E+03  3.7646753E-17
  6.5218809E+03  4.7548314E-17
  6.5228027E+03  4.8338337E-17
  6.5237246E+03  4.8349689E-17
  6.5246465E+03  5.0605325E-17
  6.5255684E+03  5.0321536E-17
  6.5264897E+03  5.0675748E-17
  6.5274116E+03  5.2749341E-17
  6.5283335E+03  5.3905432E-17
  6.5292554E+03  5.6031454E-17
  6.5301768E+03  5.9738507E-17
  6.5310986E+03  6.8085077E-17
  6.5320205E+03  6.8394536E-17
  6.5329424E+03  5.6160680E-17
  6.5338643E+03  4.9442656E-17
  6.5347856E+03  5.0936978E-17
  6.5357075E+03  6.1920319E-17
  6.5366294E+03  7.2456389E-17
  6.5375513E+03  6.8927703E-17
  6.5384731E+03  6.6488169E-17
  6.5393945E+03  6.4460663E-17
  6.5403164E+03  5.5696036E-17
  6.5412383E+03  5.9025769E-17
  6.5421602E+03  7.4212831E-17
  6.5430820E+03  8.0416924E-17
  6.5440034E+03  7.9530756E-17
  6.5449253E+03  8.0579885E-17
  6.5458472E+03  7.6865878E-17
  6.5467690E+03  6.8310468E-17
  6.5476904E+03  6.8543971E-17
  6.5486123E+03  7.9311202E-17
  6.5495342E+03  8.7201460E-17
  6.5504561E+03  8.7533774E-17
  6.5513779E+03  8.8375116E-17
  6.5522993E+03  9.0228722E-17
  6.5532212E+03  9.6908073E-17
  6.5541431E+03  9.9603120E-17
  6.5550649E+03  9.9839509E-17
  6.5559868E+03  1.0418074E-16
  6.5569082E+03  1.0352750E-16
  6.5578301E+03  9.5580270E-17
  6.5587520E+03  9.2188723E-17
  6.5596738E+03  8.8844002E-17
  6.5605957E+03  8.9167132E-17
  6.5615171E+03  9.0957071E-17
  6.5624390E+03  9.6127824E-17
  6.5633608E+03  9.8560383E-17
  6.5642827E+03  9.0642114E-17
  6.5652046E+03  9.6703601E-17
  6.5661260E+03  9.4199249E-17
  6.5670479E+03  8.9806377E-17
  6.5679697E+03  9.9557487E-17
  6.5688916E+03  1.0837691E-16
  6.5698130E+03  1.0969142E-16
  6.5707349E+03  1.0092664E-16
  6.5716567E+03  1.0064620E-16
  6.5725786E+03  1.0647798E-16
  6.5735005E+03  1.0865923E-16
  6.5744219E+03  1.0866400E-16
  6.5753438E+03  1.1297077E-16
  6.5762656E+03  1.1020075E-16
  6.5771875E+03  9.8345713E-17
  6.5781094E+03  1.0291239E-16
  6.5790308E+03  1.0623543E-16
  6.5799526E+03  1.0207550E-16
  6.5808745E+03  1.0985369E-16
  6.5817964E+03  1.2301966E-16
  6.5827183E+03  1.5542290E-16
  6.5836396E+03  1.9028831E-16
  6.5845615E+03  1.8951338E-16
  6.5854834E+03  1.5676051E-16
  6.5864053E+03  1.1725734E-16
  6.5873271E+03  9.2419103E-17
  6.5882485E+03  8.4230015E-17
  6.5891704E+03  7.9864268E-17
  6.5900923E+03  8.4736991E-17
  6.5910142E+03  8.9820830E-17
  6.5919355E+03  9.9581217E-17
  6.5928574E+03  9.1292099E-17
  6.5937793E+03  8.7701295E-17
  6.5947012E+03  8.4555554E-17
  6.5956230E+03  8.9780020E-17
  6.5965444E+03  9.7383007E-17
  6.5974663E+03  9.9613556E-17
  6.5983882E+03  9.4795428E-17
  6.5993101E+03  3.6538788E-17
  6.6002319E+03 -3.5477816E-17
  6.6011533E+03 -6.6272857E-17
  6.6020752E+03 -1.0250892E-17
  6.6029971E+03            NaN
  6.6039189E+03            NaN
  6.6048408E+03            NaN
  6.6057622E+03            NaN
  6.6066841E+03 -3.0340293E-17
  6.6076060E+03  4.6259818E-17
  6.6085278E+03  7.3443547E-17
  6.6094492E+03  7.1888851E-17
  6.6103711E+03  7.1438957E-17
  6.6112930E+03  7.4239804E-17
  6.6122148E+03  7.2537658E-17
  6.6131367E+03  7.3040670E-17
  6.6140581E+03  8.0779911E-17
  6.6149800E+03  7.6503553E-17
  6.6159019E+03  6.4534752E-17
  6.6168237E+03  6.1777011E-17
  6.6177456E+03  6.8110733E-17
  6.6186670E+03  6.8533449E-17
  6.6195889E+03  6.4330273E-17
  6.6205107E+03  5.8705762E-17
  6.6214326E+03  5.8277137E-17
  6.6223545E+03  6.2960713E-17
  6.6232759E+03  6.5375009E-17
  6.6241978E+03  5.8825710E-17
  6.6251196E+03  5.5867851E-17
  6.6260415E+03  5.2434304E-17
  6.6269634E+03  4.2202364E-17
  6.6278848E+03  4.3406928E-17
  6.6288066E+03  5.0630114E-17
  6.6297285E+03  4.8989249E-17
  6.6306504E+03  4.6747682E-17
  6.6315718E+03  4.8727996E-17
  6.6324937E+03  4.7749084E-17
  6.6334155E+03  4.8418134E-17
  6.6343374E+03  5.4665415E-17
  6.6352593E+03  5.6911363E-17
  6.6361807E+03  5.4121839E-17
  6.6371025E+03  5.2555119E-17
  6.6380244E+03  5.2683150E-17
  6.6389463E+03  5.0944499E-17
  6.6398682E+03  5.0288277E-17
  6.6407896E+03  4.8826827E-17
  6.6417114E+03  4.2476770E-17
  6.6426333E+03  3.9874433E-17
  6.6435552E+03  4.3684083E-17
  6.6444771E+03  4.8216199E-17
  6.6453984E+03  4.6712782E-17
  6.6463203E+03  4.2436069E-17
  6.6472422E+03  3.4026554E-17
  6.6481641E+03  3.0750118E-17
  6.6490854E+03  3.3816020E-17
  6.6500073E+03  3.4725376E-17
  6.6509292E+03  3.5762442E-17
  6.6518511E+03  3.3407797E-17
  6.6527729E+03  2.9265806E-17
  6.6536943E+03  3.3284146E-17
  6.6546162E+03  4.0099956E-17
  6.6555381E+03  4.1321496E-17
  6.6564600E+03  3.8045888E-17
  6.6573818E+03  3.6523498E-17
  6.6583032E+03  3.4159552E-17
  6.6592251E+03  3.5285814E-17
  6.6601470E+03  3.6025837E-17
  6.6610688E+03  3.3059527E-17
  6.6619907E+03  3.5247886E-17
  6.6629121E+03  3.6651344E-17
  6.6638340E+03  3.3397368E-17
  6.6647559E+03  2.8876256E-17
  6.6656777E+03  3.1320989E-17
  6.6665996E+03  3.4891332E-17
  6.6675210E+03  3.1058104E-17
  6.6684429E+03  2.1192261E-17
  6.6693647E+03  2.4498972E-17
  6.6702866E+03  3.3611495E-17
  6.6712080E+03  2.9307615E-17
  6.6721299E+03  3.5789028E-17
  6.6730518E+03  3.3048850E-17
  6.6739736E+03  2.1993290E-17
  6.6748955E+03  2.5676050E-17
  6.6758169E+03  3.3467387E-17
  6.6767388E+03  3.0448905E-17
  6.6776606E+03  3.5064027E-17
  6.6785825E+03  4.0204842E-17
  6.6795044E+03  3.5789716E-17
  6.6804258E+03  2.9992795E-17
  6.6813477E+03  2.7958228E-17
  6.6822695E+03  2.6389260E-17
  6.6831914E+03  2.0416932E-17
  6.6841133E+03  2.1491790E-17
  6.6850347E+03  2.5218527E-17
  6.6859565E+03  2.6445652E-17
  6.6868784E+03  2.7850232E-17
  6.6878003E+03  2.4690967E-17
  6.6887217E+03  2.4434383E-17
  6.6896436E+03  3.3349262E-17
  6.6905654E+03  3.3301530E-17
  6.6914873E+03  2.1328541E-17
  6.6924092E+03  1.8244633E-17
  6.6933306E+03  2.2512981E-17
  6.6942524E+03  2.1935874E-17
  6.6951743E+03  1.9768488E-17
  6.6960962E+03  1.3785206E-17
  6.6970181E+03  1.6820420E-17
  6.6979395E+03  1.9703402E-17
  6.6988613E+03  2.2949570E-17
  6.6997832E+03  2.2300098E-17
  6.7007051E+03  1.7510232E-17
  6.7016270E+03  1.2734283E-17
  6.7025483E+03  1.9581661E-17
  6.7034702E+03  2.7307217E-17
  6.7043921E+03  2.5880872E-17
  6.7053140E+03  2.3120605E-17
  6.7062358E+03  2.2588175E-17
  6.7071572E+03  1.9881078E-17
  6.7080791E+03  1.7871178E-17
  6.7090010E+03  1.1378372E-17
  6.7099229E+03 -1.6072364E-17
  6.7108442E+03 -2.3695669E-17
  6.7117661E+03 -3.9015893E-18
  6.7126880E+03 -1.5358016E-17
  6.7136099E+03 -4.0135617E-17
  6.7145317E+03 -4.4227038E-17
  6.7154531E+03 -3.4950369E-17
  6.7163750E+03 -1.2768757E-18
  6.7172969E+03  2.1424686E-17
  6.7182188E+03  2.0810888E-17
  6.7191406E+03  2.8281573E-17
  6.7200620E+03  3.2877865E-17
  6.7209839E+03  2.7085207E-17
  6.7219058E+03  1.9985809E-17
  6.7228276E+03  2.4282952E-17
  6.7237495E+03  1.2963688E-17
  6.7246709E+03 -2.5119179E-17
  6.7255928E+03 -3.1162901E-17
  6.7265146E+03  1.3246305E-18
  6.7274365E+03  2.0202225E-17
  6.7283584E+03  2.3691545E-17
  6.7292798E+03  2.8475673E-17
  6.7302017E+03  2.8555582E-17
  6.7311235E+03  1.9520804E-17
  6.7320454E+03  1.4514654E-17
  6.7329668E+03  1.5120865E-17
  6.7338887E+03  1.5417601E-17
  6.7348105E+03  1.4330209E-17
  6.7357324E+03  1.5461816E-17
  6.7366543E+03  1.7509822E-17
  6.7375757E+03  1.7202412E-17
  6.7384976E+03  2.2985013E-17
  6.7394194E+03  2.8895636E-17
  6.7403413E+03  2.4531034E-17
  6.7412632E+03  2.2186943E-17
  6.7421846E+03  1.7970707E-17
  6.7431064E+03  1.9407149E-17
  6.7440283E+03  2.3692428E-17
  6.7449502E+03  2.0214187E-17
  6.7458721E+03  1.6331086E-17
  6.7467935E+03  1.3199877E-17
  6.7477153E+03  2.2321750E-17
  6.7486372E+03  2.8015347E-17
  6.7495591E+03  2.5753291E-17
  6.7504805E+03  1.6035095E-17
  6.7514023E+03  5.0267964E-18
  6.7523242E+03  6.9508582E-18
  6.7532461E+03  1.1780068E-17
  6.7541680E+03  8.7548035E-18
  6.7550894E+03  1.5486247E-17
  6.7560112E+03  1.5106393E-17
  6.7569331E+03  1.4075309E-17
  6.7578550E+03  2.1989584E-17
  6.7587769E+03  2.4885682E-17
  6.7596982E+03  1.8919755E-17
  6.7606201E+03  1.3247348E-17
  6.7615420E+03  1.6113951E-17
  6.7624639E+03  1.2397535E-17
  6.7633857E+03  5.4035011E-18
  6.7643071E+03  8.6220339E-19
  6.7652290E+03  4.4776180E-18
  6.7661509E+03  8.1361551E-18
  6.7670728E+03  1.0248678E-17
  6.7679946E+03  1.9295824E-17
  6.7689160E+03  1.9636652E-17
  6.7698379E+03  6.5767741E-18
  6.7707598E+03  7.0747864E-18
  6.7716816E+03  1.7566004E-17
  6.7726030E+03  1.4092249E-17
  6.7735249E+03  7.1230971E-18
  6.7744468E+03  8.3344270E-18
  6.7753687E+03  1.4148891E-17
  6.7762905E+03  1.5332289E-17
  6.7772119E+03  1.1997616E-17
  6.7781338E+03  1.1970164E-17
  6.7790557E+03  1.6192891E-17
  6.7799775E+03  1.4542242E-17
  6.7808994E+03  1.2501736E-17
  6.7818208E+03  1.2652218E-17
  6.7827427E+03  9.6719516E-18
  6.7836646E+03  1.1834063E-17
  6.7845864E+03  9.3591847E-18
  6.7855083E+03  7.0706307E-18
  6.7864297E+03  1.2620967E-17
  6.7873516E+03  9.1258139E-18
  6.7882734E+03  2.4244962E-18
  6.7891953E+03  8.8050398E-19
  6.7901167E+03  2.8750614E-18
  6.7910386E+03  6.3491112E-18
  6.7919604E+03  1.0006606E-17
  6.7928823E+03  1.1911077E-17
  6.7938042E+03  1.3645740E-17
  6.7947256E+03  1.9815641E-17
  6.7956475E+03  2.5329564E-17
  6.7965693E+03  2.5754358E-17
  6.7974912E+03  2.4040578E-17
  6.7984131E+03  1.8739257E-17
  6.7993345E+03  9.9099348E-18
  6.8002563E+03  3.6822110E-19
  6.8011782E+03 -2.4559191E-18
  6.8021001E+03  5.7907771E-18
  6.8030220E+03  8.7239993E-18
  6.8039434E+03  5.2024896E-18
  6.8048652E+03  1.0030796E-17
  6.8057871E+03  1.5539031E-17
  6.8067090E+03  1.3117840E-17
  6.8076309E+03  9.3679958E-18
  6.8085522E+03  1.0724205E-17
  6.8094741E+03  1.2627306E-17
  6.8103960E+03  1.6802576E-17
  6.8113179E+03  2.3424958E-17
  6.8122393E+03  2.0396540E-17
  6.8131611E+03  1.3974316E-17
  6.8140830E+03  1.6064069E-17
  6.8150049E+03  1.4520461E-17
  6.8159268E+03  5.1182197E-18
  6.8168481E+03  2.4414500E-18
  6.8177700E+03  7.6657309E-18
  6.8186919E+03  5.4726038E-18
  6.8196138E+03  4.8379610E-18
  6.8205356E+03 -1.4396516E-18
  6.8214570E+03 -6.2835286E-18
  6.8223789E+03 -2.1864435E-18
  6.8233008E+03 -3.3638030E-18
  6.8242227E+03 -2.9885705E-19
  6.8251445E+03  1.3318170E-18
  6.8260659E+03  7.8139125E-19
  6.8269878E+03  6.8283292E-18
  6.8279097E+03  1.3391431E-17
  6.8288315E+03  1.6930021E-17
  6.8297529E+03  9.5466999E-18
  6.8306748E+03  1.3548703E-17
  6.8315967E+03  9.5452209E-18
  6.8325186E+03  4.7959469E-18
  6.8334404E+03  3.6603404E-18
  6.8343618E+03  4.0316948E-18
  6.8352837E+03  5.9727668E-18
  6.8362056E+03  1.6103251E-17
  6.8371274E+03  5.8284006E-18
  6.8380493E+03 -2.5452050E-18
  6.8389707E+03  4.4143188E-18
  6.8398926E+03  1.3670301E-17
  6.8408145E+03  2.1907888E-17
  6.8417363E+03  2.1096563E-17
  6.8426582E+03  1.7929226E-17
  6.8435796E+03  1.2361278E-17
  6.8445015E+03  1.1088690E-17
  6.8454233E+03  1.7809625E-17
  6.8463452E+03  1.4152180E-17
  6.8472671E+03  7.5460345E-18
  6.8481885E+03  1.1341275E-17
  6.8491104E+03  8.5730521E-18
  6.8500322E+03  6.2307909E-18
  6.8509541E+03  1.2482000E-17
  6.8518755E+03  1.5277318E-17
  6.8527974E+03  1.3905138E-17
  6.8537192E+03  1.0386278E-17
  6.8546411E+03  4.0940312E-18
  6.8555630E+03  3.9601404E-18
  6.8564844E+03  6.2253745E-18
  6.8574062E+03  8.2367965E-18
  6.8583281E+03  1.3615767E-17
  6.8592500E+03  1.1784372E-17
  6.8601719E+03  7.7878525E-18
  6.8610933E+03  1.2286583E-17
  6.8620151E+03  1.7171231E-17
  6.8629370E+03  1.4906834E-17
  6.8638589E+03  1.6463687E-17
  6.8647808E+03  2.5278964E-17
  6.8657021E+03  1.2312408E-17
  6.8666240E+03 -7.1176311E-18
  6.8675459E+03 -4.6448243E-18
  6.8684678E+03  1.7291880E-18
  6.8693896E+03 -2.9188788E-18
  6.8703110E+03 -1.3570520E-17
  6.8712329E+03 -1.4550858E-17
  6.8721548E+03 -6.4371261E-18
  6.8730767E+03 -3.9033495E-18
  6.8739980E+03 -5.6074574E-18
  6.8749199E+03 -5.9776240E-18
  6.8758418E+03 -3.4289548E-18
  6.8767637E+03 -3.3912288E-18
  6.8776855E+03 -9.2984266E-18
  6.8786069E+03 -5.8924409E-18
  6.8795288E+03  3.7587252E-18
  6.8804507E+03  1.3195245E-17
  6.8813726E+03  1.4396318E-17
  6.8822944E+03  6.3394365E-18
  6.8832158E+03 -1.9616787E-18
  6.8841377E+03  1.4780857E-18
  6.8850596E+03  1.0641450E-17
  6.8859814E+03  1.1540324E-17
  6.8869033E+03  6.6079650E-18
  6.8878247E+03  5.2534208E-18
  6.8887466E+03  3.0790806E-18
  6.8896685E+03 -1.1150957E-18
  6.8905903E+03 -1.7845032E-18
  6.8915117E+03  2.5832420E-18
  6.8924336E+03  7.1373643E-18
  6.8933555E+03  6.5513002E-18
  6.8942773E+03  6.3544681E-18
  6.8951992E+03  4.3287917E-18
  6.8961206E+03  1.5478336E-18
  6.8970425E+03 -1.5684668E-19
  6.8979644E+03 -6.7162330E-18
  6.8988862E+03 -6.1904344E-18
  6.8998081E+03  2.1570124E-18
  6.9007295E+03  1.1447045E-17
  6.9016514E+03  3.9154197E-18
  6.9025732E+03 -4.0228030E-17
  6.9034951E+03            NaN
  6.9044170E+03            NaN
  6.9053384E+03 -6.5905119E-17
  6.9062603E+03 -6.4777109E-18
  6.9071821E+03  6.2871120E-18
  6.9081040E+03  2.3965738E-18
  6.9090259E+03 -7.2339592E-18
  6.9099473E+03  7.1256779E-18
  6.9108691E+03  7.8847088E-18
  6.9117910E+03 -4.4281096E-18
  6.9127129E+03 -9.6131424E-18
  6.9136343E+03 -1.1041902E-18
  6.9145562E+03  1.3944220E-17
  6.9154780E+03  2.4381817E-17
  6.9163999E+03  2.4957634E-17
  6.9173218E+03  1.3003382E-17
  6.9182432E+03  5.8030426E-18
  6.9191650E+03  1.5227300E-17
  6.9200869E+03  2.1330030E-17
  6.9210088E+03  1.2346296E-17
  6.9219307E+03  7.1412289E-18
  6.9228521E+03  3.7009682E-18
  6.9237739E+03  1.0380058E-18
  6.9246958E+03 -3.5575615E-18
  6.9256177E+03 -4.8772422E-18
  6.9265396E+03  1.2089824E-17
  6.9274609E+03  2.2547769E-17
  6.9283828E+03  1.5795887E-17
  6.9293047E+03  4.6733455E-18
  6.9302266E+03 -4.7337925E-18
  6.9311479E+03 -2.6555641E-18
  6.9320698E+03  6.2608672E-18
  6.9329917E+03  1.1889712E-17
  6.9339136E+03  1.4690513E-17
  6.9348354E+03  1.1739437E-17
  6.9357568E+03  3.6759576E-18
  6.9366787E+03  2.1456370E-18
  6.9376006E+03  1.9758036E-18
  6.9385225E+03 -3.5213740E-18
  6.9394443E+03 -3.5009625E-18
  6.9403657E+03  2.3332383E-18
  6.9412876E+03  4.6876623E-18
  6.9422095E+03  2.8459546E-18
  6.9431313E+03  3.9957323E-18
  6.9440532E+03  7.4829604E-18
  6.9449746E+03  2.6282605E-18
  6.9458965E+03 -6.2944247E-18
  6.9468184E+03 -9.8822606E-19
  6.9477402E+03  1.1373508E-17
  6.9486621E+03  1.4143478E-17
  6.9495835E+03  2.1212286E-18
  6.9505054E+03 -6.3015546E-18
  6.9514272E+03  5.2533116E-18
  6.9523491E+03  1.1024448E-17
  6.9532705E+03  7.0846431E-18
  6.9541924E+03  5.4400459E-18
  6.9551143E+03 -7.8791936E-19
  6.9560361E+03  4.5160157E-18
  6.9569580E+03  7.7087046E-18
  6.9578794E+03  9.0362864E-19
  6.9588013E+03 -3.6265219E-18
  6.9597231E+03 -3.4310525E-18
  6.9606450E+03  2.4641280E-18
  6.9615669E+03  5.7995353E-18
  6.9624883E+03  7.7606085E-18
  6.9634102E+03  1.5404611E-17
  6.9643320E+03  1.2243454E-17
  6.9652539E+03  3.9097717E-18
  6.9661758E+03  2.5418962E-18
  6.9670972E+03  1.4031961E-19
  6.9680190E+03  2.9677652E-18
  6.9689409E+03  1.2872664E-17
  6.9698628E+03  1.2661465E-17
  6.9707847E+03  8.8965790E-18
  6.9717061E+03  1.4440333E-17
  6.9726279E+03  8.1716511E-18
  6.9735498E+03  2.0459353E-18
  6.9744717E+03  4.9442901E-18
  6.9753931E+03  5.4203458E-18
  6.9763149E+03  3.0053159E-18
  6.9772368E+03  6.1565961E-18
  6.9781587E+03  9.2525809E-18
  6.9790806E+03  7.0895764E-18
  6.9800020E+03  1.3527249E-17
  6.9809238E+03  1.5345759E-17
  6.9818457E+03  1.3422790E-17
  6.9827676E+03  5.4833207E-18
  6.9836895E+03  4.5134051E-18
  6.9846108E+03  1.2069872E-17
  6.9855327E+03  1.5344541E-17
  6.9864546E+03  1.7106681E-17
  6.9873765E+03  1.2844983E-17
  6.9882983E+03  1.0097999E-17
  6.9892197E+03  7.4765613E-18
  6.9901416E+03  9.9233913E-18
  6.9910635E+03  1.2617180E-17
  6.9919854E+03  1.0137942E-17
  6.9929067E+03  8.0276522E-18
  6.9938286E+03  6.8713335E-18
  6.9947505E+03  1.1109314E-17
  6.9956724E+03  1.4814772E-17
  6.9965942E+03  1.0028731E-17
  6.9975156E+03  5.2663843E-18
  6.9984375E+03  2.9133136E-18
  6.9993594E+03  6.0976314E-18
  7.0002812E+03  1.0199756E-17
  7.0012031E+03  8.6938635E-18
  7.0021245E+03  6.9496803E-18
  7.0030464E+03  1.2315892E-18
  7.0039683E+03 -1.1159924E-18
  7.0048901E+03  5.2493841E-18
  7.0058120E+03  9.1415104E-18
  7.0067334E+03  6.6095734E-18
  7.0076553E+03  5.3630619E-18
  7.0085771E+03  5.4446782E-18
  7.0094990E+03  6.3191441E-18
  7.0104209E+03  3.8458571E-18
  7.0113423E+03 -2.8174764E-19
  7.0122642E+03  5.4039544E-18
  7.0131860E+03  1.3951370E-17
  7.0141079E+03  1.1087615E-17
  7.0150293E+03  1.2301003E-18
  7.0159512E+03  2.9737805E-19
  7.0168730E+03  8.7835398E-18
  7.0177949E+03  3.8218325E-18
  7.0187168E+03 -9.3451226E-19
  7.0196382E+03  8.9212885E-18
  7.0205601E+03  9.2416754E-18
  7.0214819E+03  5.5359857E-18
  7.0224038E+03  6.7947622E-18
  7.0233257E+03  5.0018917E-18
  7.0242471E+03  2.9440781E-18
  7.0251689E+03  6.3879519E-19
  7.0260908E+03 -8.4090850E-19
  7.0270127E+03 -3.1921262E-18
  7.0279346E+03  2.3295987E-18
  7.0288560E+03  2.0000632E-18
  7.0297778E+03 -1.1061059E-20
  7.0306997E+03  3.1032508E-19
  7.0316216E+03  4.5470979E-18
  7.0325430E+03  9.4138282E-18
  7.0334648E+03  7.3231689E-18
  7.0343867E+03  7.1014945E-18
  7.0353086E+03  6.7002188E-18
  7.0362305E+03  9.9503872E-19
  7.0371519E+03  6.1203590E-18
  7.0380737E+03  5.6687382E-18
  7.0389956E+03  3.1051401E-18
  7.0399175E+03 -8.9004303E-19
  7.0408394E+03 -1.8964472E-18
  7.0417607E+03  6.1530988E-19
  7.0426826E+03  2.1188662E-18
  7.0436045E+03  3.6062626E-18
  7.0445264E+03 -3.4670909E-18
  7.0454482E+03 -8.0561072E-18
  7.0463696E+03  7.9061923E-20
  7.0472915E+03  5.0113943E-18
  7.0482134E+03  4.9546928E-18
  7.0491353E+03  1.2440664E-18
  7.0500571E+03  2.8772948E-18
  7.0509785E+03  7.5153759E-18
  7.0519004E+03  5.3790166E-18
  7.0528223E+03  6.0834833E-19
  7.0537441E+03  1.5408687E-18
  7.0546655E+03  4.5471376E-18
  7.0555874E+03  5.8311932E-18
  7.0565093E+03  1.0267412E-17
  7.0574312E+03  1.2519037E-17
  7.0583530E+03  6.4805957E-18
  7.0592744E+03  2.4821837E-18
  7.0601963E+03  2.6529998E-18
  7.0611182E+03  4.7380872E-18
  7.0620400E+03  1.1203060E-17
  7.0629619E+03  1.5453008E-17
  7.0638833E+03  1.3006734E-17
  7.0648052E+03  8.7102119E-18
  7.0657271E+03  3.2172299E-18
  7.0666489E+03  1.5560889E-18
  7.0675708E+03  4.2802990E-18
  7.0684922E+03  8.1771932E-18
  7.0694141E+03  1.1359853E-17
  7.0703359E+03  8.0044614E-18
  7.0712578E+03  3.8258228E-18
  7.0721792E+03 -7.9450372E-19
  7.0731011E+03  5.9912030E-19
  7.0740229E+03  6.1438675E-18
  7.0749448E+03  1.3699200E-17
  7.0758667E+03  1.4483158E-17
  7.0767881E+03  6.3704459E-18
  7.0777100E+03  3.1637342E-19
  7.0786318E+03  3.9711916E-18
  7.0795537E+03  4.3728142E-18
  7.0804756E+03  3.7303033E-18
  7.0813970E+03  2.4048655E-18
  7.0823188E+03  3.5233560E-18
  7.0832407E+03  3.4222348E-18
  7.0841626E+03  1.6534354E-17
  7.0850845E+03  1.8028355E-17
  7.0860059E+03  2.2779197E-18
  7.0869277E+03 -2.5050999E-18
  7.0878496E+03 -8.2033189E-18
  7.0887715E+03 -8.4032948E-18
  7.0896934E+03 -1.8293893E-18
  7.0906147E+03 -1.7195762E-18
  7.0915366E+03  1.5417092E-18
  7.0924585E+03  2.4287115E-18
  7.0933804E+03  2.1938981E-18
  7.0943018E+03  4.7486189E-18
  7.0952236E+03  6.8810475E-18
  7.0961455E+03  7.6209539E-18
  7.0970674E+03  6.3397566E-18
  7.0979893E+03  7.5153495E-18
  7.0989106E+03  1.2157279E-17
  7.0998325E+03  8.7132327E-18
  7.1007544E+03  1.5147927E-18
  7.1016763E+03 -2.5882283E-18
  7.1025981E+03 -2.6719026E-18
  7.1035195E+03  1.9844162E-18
  7.1044414E+03  6.9735395E-18
  7.1053633E+03  8.2751182E-18
  7.1062852E+03  6.7775573E-18
  7.1072070E+03  6.7017776E-18
  7.1081284E+03  8.0712248E-18
  7.1090503E+03  5.3419423E-18
  7.1099722E+03  2.1921477E-18
  7.1108940E+03  4.6676809E-18
  7.1118159E+03  5.9545060E-18
  7.1127373E+03  4.2335402E-18
  7.1136592E+03  3.4137281E-18
  7.1145811E+03  7.5993579E-18
  7.1155029E+03  1.0032659E-17
  7.1164243E+03  8.0549955E-18
  7.1173462E+03  8.2417067E-18
  7.1182681E+03  1.1618860E-17
  7.1191899E+03  1.1277661E-17
  7.1201118E+03  7.9419463E-18
  7.1210332E+03  1.5535742E-18
  7.1219551E+03 -1.5525717E-18
  7.1228770E+03  2.7860667E-18
  7.1237988E+03  4.1915161E-18
  7.1247207E+03  4.0498333E-18
  7.1256421E+03  3.2988029E-18
  7.1265640E+03  8.4247353E-19
  7.1274858E+03  2.4384954E-18
  7.1284077E+03  5.7245034E-18
  7.1293296E+03  2.7830095E-18
  7.1302510E+03 -9.7219861E-19
  7.1311729E+03  2.0297060E-18
  7.1320947E+03  8.6531033E-18
  7.1330166E+03  1.2965814E-17
  7.1339380E+03  1.2502621E-17
  7.1348599E+03  1.0270043E-17
  7.1357817E+03  4.1402474E-18
  7.1367036E+03 -5.9438552E-19
  7.1376255E+03  2.6279991E-18
  7.1385469E+03 -2.3191497E-18
  7.1394688E+03 -3.5532503E-18
  7.1403906E+03 -2.1467024E-18
  7.1413125E+03  6.8166230E-18
  7.1422344E+03  5.5561358E-18
  7.1431558E+03  3.1502543E-18
  7.1440776E+03  2.6495389E-18
  7.1449995E+03  2.7944113E-18
  7.1459214E+03  5.3853858E-18
  7.1468433E+03  4.7025549E-19
  7.1477646E+03  3.4777684E-18
  7.1486865E+03  6.6255178E-18
  7.1496084E+03  7.0334804E-18
  7.1505303E+03  2.6663108E-18
  7.1514521E+03 -1.0002930E-19
  7.1523735E+03  4.7243527E-18
  7.1532954E+03  1.1245951E-17
  7.1542173E+03  1.2838816E-17
  7.1551392E+03  8.0953056E-18
  7.1560605E+03  3.4547364E-18
  7.1569824E+03  5.0256715E-18
  7.1579043E+03  1.3271385E-18
  7.1588262E+03 -8.5969642E-18
  7.1597480E+03 -8.4776467E-18
  7.1606694E+03 -6.3282626E-20
  7.1615913E+03  6.4064506E-18
  7.1625132E+03  4.6180071E-18
  7.1634351E+03 -4.4836498E-20
  7.1643569E+03 -9.6667304E-19
  7.1652783E+03  3.7632119E-18
  7.1662002E+03  6.3866487E-18
  7.1671221E+03 -6.3125130E-19
  7.1680439E+03 -3.6072619E-18
  7.1689658E+03 -3.0472110E-18
  7.1698872E+03  1.3957713E-18
  7.1708091E+03  5.6101374E-18
  7.1717310E+03  3.2206575E-18
  7.1726528E+03  1.4810404E-18
  7.1735742E+03  1.0685221E-18
  7.1744961E+03  2.4605645E-18
  7.1754180E+03  2.3615775E-18
  7.1763398E+03 -2.1095356E-18
  7.1772617E+03 -1.7171641E-18
  7.1781831E+03  1.5942649E-18
  7.1791050E+03  1.8442521E-18
  7.1800269E+03 -3.1824616E-18
  7.1809487E+03 -3.2692494E-18
  7.1818706E+03  2.6094207E-18
  7.1827920E+03  9.4892572E-18
  7.1837139E+03  1.0902379E-17
  7.1846357E+03  7.4737092E-19
  7.1855576E+03 -6.2260727E-18
  7.1864795E+03 -4.9877436E-18
  7.1874009E+03 -1.6012992E-18
  7.1883228E+03  4.8090858E-18
  7.1892446E+03  6.2263473E-18
  7.1901665E+03  3.4687656E-18
  7.1910884E+03  5.7612302E-18
  7.1920098E+03  9.0683050E-18
  7.1929316E+03  9.5510906E-19
  7.1938535E+03 -5.0345752E-18
  7.1947754E+03 -5.9366356E-18
  7.1956968E+03 -1.9553921E-18
  7.1966187E+03  8.8667806E-18
  7.1975405E+03  1.1233444E-17
  7.1984624E+03  6.1207527E-18
  7.1993843E+03  8.3838097E-18
  7.2003057E+03  9.6161169E-18
  7.2012275E+03  2.5352457E-18
  7.2021494E+03 -3.1941383E-18
  7.2030713E+03 -2.0451313E-18
  7.2039932E+03  6.9165435E-18
  7.2049146E+03  4.9870885E-18
  7.2058364E+03  3.5112394E-18
  7.2067583E+03  4.0591079E-19
  7.2076802E+03  2.0507230E-18
  7.2086021E+03  5.9695540E-18
  7.2095234E+03  6.1979882E-18
  7.2104453E+03  5.3680978E-18
  7.2113672E+03  5.4152868E-18
  7.2122891E+03  5.0544077E-18
  7.2132109E+03 -1.3299939E-18
  7.2141323E+03 -5.6807059E-18
  7.2150542E+03  1.4641891E-18
  7.2159761E+03  4.7002189E-18
  7.2168979E+03  5.1250754E-18
  7.2178193E+03  5.4036930E-18
  7.2187412E+03  6.4353130E-18
  7.2196631E+03  2.3223923E-18
  7.2205850E+03  4.7425739E-18
  7.2215068E+03  9.6876515E-18
  7.2224282E+03  2.1280479E-18
  7.2233501E+03 -3.0124859E-18
  7.2242720E+03  5.0473469E-18
  7.2251938E+03  1.3683105E-17
  7.2261157E+03  1.0277818E-17
  7.2270371E+03  6.5526101E-18
  7.2279590E+03  7.8400675E-18
  7.2288809E+03  5.8911869E-18
  7.2298027E+03 -4.5387400E-19
  7.2307246E+03  2.5685943E-19
  7.2316460E+03  1.6488290E-18
  7.2325679E+03  6.5522900E-18
  7.2334897E+03  1.4329898E-17
  7.2344116E+03  1.1275808E-17
  7.2353330E+03  5.2561637E-18
  7.2362549E+03  9.2508406E-18
  7.2371768E+03  9.3229839E-18
  7.2380986E+03  5.4928465E-18
  7.2390205E+03  1.2856650E-17
  7.2399419E+03  1.3789482E-17
  7.2408638E+03  2.5056955E-19
  7.2417856E+03 -6.3076629E-18
  7.2427075E+03 -7.0067161E-19
  7.2436294E+03  4.9005587E-18
  7.2445508E+03 -2.9709019E-19
  7.2454727E+03  4.4213267E-18
  7.2463945E+03  1.4403173E-17
  7.2473164E+03  1.7868997E-17
  7.2482383E+03  1.5728657E-17
  7.2491597E+03 -1.0405700E-18
  7.2500815E+03  5.3939422E-18
  7.2510034E+03  1.1649568E-17
  7.2519253E+03 -3.6745778E-18
  7.2528472E+03 -2.6530230E-18
  7.2537686E+03  1.1343009E-17
  7.2546904E+03  1.5752513E-17
  7.2556123E+03  1.1432966E-17
  7.2565342E+03  3.2216071E-18
  7.2574556E+03 -1.9767863E-18
  7.2583774E+03  4.7586344E-18
  7.2592993E+03  7.2193280E-18
  7.2602212E+03  1.3553421E-18
  7.2611431E+03 -5.7479788E-19
  7.2620645E+03  3.3268212E-18
  7.2629863E+03  5.1024504E-18
  7.2639082E+03 -1.4146079E-18
  7.2648301E+03 -2.6976808E-18
  7.2657520E+03  3.3322704E-18
  7.2666733E+03  3.6974940E-18
  7.2675952E+03  4.2383874E-18
  7.2685171E+03  5.0337315E-18
  7.2694390E+03  9.7738735E-18
  7.2703608E+03  9.3687039E-18
  7.2712822E+03  3.1609020E-18
  7.2722041E+03  1.8522162E-18
  7.2731260E+03  6.4197119E-18
  7.2740479E+03  1.3043573E-17
  7.2749692E+03  1.3995671E-17
  7.2758911E+03  4.5358019E-18
  7.2768130E+03  3.7740645E-18
  7.2777349E+03            NaN
  7.2786567E+03            NaN
  7.2795781E+03            NaN
  7.2805000E+03  6.2618594E-18
  7.2814219E+03  9.4233243E-18
  7.2823438E+03  9.8513770E-18
  7.2832656E+03  8.6682010E-18
  7.2841870E+03  1.4813250E-17
  7.2851089E+03  1.9843136E-17
  7.2860308E+03  1.7625674E-17
  7.2869526E+03  4.5942174E-18
  7.2878745E+03  2.2883588E-18
  7.2887959E+03  7.8951279E-18
  7.2897178E+03  5.4050628E-18
  7.2906396E+03  1.8913021E-18
  7.2915615E+03  6.8538895E-18
  7.2924834E+03  9.0490515E-18
  7.2934048E+03  1.1577164E-17
  7.2943267E+03  1.5154253E-17
  7.2952485E+03  1.4543384E-17
  7.2961704E+03  8.8630484E-18
  7.2970918E+03  5.3960068E-18
  7.2980137E+03  7.0666536E-18
  7.2989355E+03  4.9335533E-18
  7.2998574E+03  8.2359164E-18
  7.3007793E+03  6.7783183E-18
  7.3017007E+03  4.2600761E-18
  7.3026226E+03  4.6034520E-18
  7.3035444E+03  1.2523499E-17
  7.3044663E+03  1.0665753E-17
  7.3053882E+03  7.1958063E-18
  7.3063096E+03 -9.5968171E-19
  7.3072314E+03 -1.9380478E-18
  7.3081533E+03  2.1227142E-18
  7.3090752E+03  2.8029180E-18
  7.3099971E+03  2.3373543E-18
  7.3109185E+03  6.5840868E-18
  7.3118403E+03  9.5443706E-18
  7.3127622E+03  8.1679751E-18
  7.3136841E+03  1.0827089E-17
  7.3146055E+03  1.5902984E-17
  7.3155273E+03  1.9285104E-17
  7.3164492E+03  1.9892529E-17
  7.3173711E+03  4.3110205E-18
  7.3182930E+03  5.0776383E-18
  7.3192144E+03  6.6668143E-18
  7.3201362E+03  6.7787981E-18
  7.3210581E+03  1.2161646E-17
  7.3219800E+03  1.0196215E-17
  7.3229019E+03  1.0688322E-17
  7.3238232E+03  8.1922711E-18
  7.3247451E+03  1.3956701E-17
  7.3256670E+03  1.5412181E-17
  7.3265889E+03  1.2547365E-17
  7.3275107E+03  1.1562082E-17
  7.3284321E+03  3.1330491E-18
  7.3293540E+03 -6.7149368E-18
  7.3302759E+03 -3.5029709E-18
  7.3311978E+03  1.2617317E-18
  7.3321196E+03  9.5352716E-18
  7.3330410E+03  1.6912158E-17
  7.3339629E+03  1.1621838E-17
  7.3348848E+03  1.4792286E-17
  7.3358066E+03  1.6433733E-17
  7.3367280E+03  1.4154907E-17
  7.3376499E+03  1.7360949E-17
  7.3385718E+03  2.1565310E-17
  7.3394937E+03  2.1303544E-17
  7.3404155E+03  7.6988512E-18
  7.3413369E+03 -1.5440352E-18
  7.3422588E+03  7.8315608E-18
  7.3431807E+03  1.6312558E-17
  7.3441025E+03  2.1249439E-17
  7.3450244E+03  1.2221058E-17
  7.3459458E+03 -8.0513790E-19
  7.3468677E+03  9.4020657E-20
  7.3477896E+03  4.4196591E-18
  7.3487114E+03  2.1191573E-18
  7.3496333E+03  8.5144811E-18
  7.3505547E+03  1.0888000E-17
